,0,1,2,3,4,5,6,7,8,9,10,11
1,1.049470299450931,0.21098048586412313,1.7639960242304331,-0.1939490719740229,-0.9559638240577174,-0.22026557736823266,0.7847226217328013,-0.01643708793726408,-0.6196291060634108,0.5887224850650893,-0.2930238714389806,0.7533543962476741
2,1.2159674637276654,-0.4320708472257656,1.0000319772686783,-0.17212330066749282,-0.3268471432174835,0.9292709585141987,-0.14218507232802938,-0.9252282823795476,-0.35176132631667334,0.9747599574122856,-0.19267477898147936,0.11278056113549514
3,0.020926073896909276,-0.044221286460462736,1.9679675778155195,0.421546905086229,-0.8410014769897763,-0.3391382056230713,0.9013198669830179,0.4296694592837735,0.05483295670036916,0.09960273185980732,-0.32878666557481384,0.939137170144095
4,0.1969445754619545,0.8392029603686084,0.5665388209236467,-0.25670566831138125,0.9210624559099067,0.2928244391611095,0.9591988228905778,0.2056500372529029,0.19402494773407275,0.11848973804569377,0.3306841612340858,-0.9362735537687541
5,0.1681700904519567,-0.7485443964269709,0.5978705348363292,-0.33206745279332955,-0.8321890981608197,0.444063634739022,-0.9401929197764972,0.25410909354219374,-0.22686084320858388,0.07595051281916983,-0.4928385876546664,-0.8667996574301693
6,1.0032587815624472,0.5242948836973444,1.8251430228175038,-0.6810516093768292,-0.2869098734355032,0.6736849633845589,0.4524524193682476,-0.8882735367855518,0.07910077151524117,0.5757217327607586,0.35868209931875683,0.7347731881711792
7,0.6718233523834185,-0.8716052923059514,1.3046031912509621,0.6042728284493076,-0.09283874600538115,0.7913503118328962,-0.5225108383543514,-0.7959821725192715,0.30560563612887365,0.6015286964061702,-0.5981582970014284,-0.5294996497904834
8,0.30806031089062746,-1.245671604313161,0.6087749996532481,0.057459258645656874,-0.5908929807906771,0.8047011363532427,-0.9752659163746752,-0.20554311145573423,-0.08129219944718365,0.2134357654043871,-0.7801266016393776,-0.5880881391941511
9,0.5139724645813389,0.599208126459944,1.0382526067703992,0.4936459622987491,-0.7980830406487689,0.34550994795368417,0.2097971532556627,-0.276272811392234,-0.9379011078846485,0.8439779726935781,0.5354780984449753,0.031054592153034907
10,0.36124793747531647,-1.165281302145986,1.6684906561603785,0.5229687367640974,0.39550206037350305,0.7550376286038188,-0.8234635385366753,0.005771812884284376,0.5673398336770356,0.22002613723833303,-0.9184469535124731,0.32870000382664355
11,0.0941573426305908,-0.3594866870918859,1.7803225025885336,-0.9763680176688602,0.21450627514951354,0.026316382632527804,-0.1984281444448442,-0.8415465852455258,-0.5024197611099417,-0.08562572957678359,-0.49576849716684906,0.8642232533618657
12,0.4983784508596539,-1.0728877918121327,1.0438520047034274,0.1228381209392645,-0.5134251096358443,0.8492970345170952,-0.8985796203460616,-0.42080172757368234,-0.12442094666788298,0.42126649753195233,-0.7478773715432402,-0.5130438335958595
13,0.5740456714625544,-0.46012019546106764,1.6113492439680388,0.06901204325433534,0.4228280534748278,0.903578317070828,-0.6701166638364282,-0.6513289559732378,0.3559694480704032,0.7390405907219151,-0.6300690662978942,0.23839458248857634
14,0.6022182722702203,-0.014394610278054517,0.9769353622401841,0.42924734427796474,0.8971337620436698,0.10439219526232094,0.4896791722002759,-0.3282846142391501,0.8077397602985165,0.7589209614601292,-0.29560146321563513,-0.5802230167799348
15,0.899470838591065,-0.4910539190497294,0.5869099196026,-0.2819629665144665,-0.7859574760299571,0.5502433383394851,-0.7631461959628998,-0.16385416784089743,-0.6251077469272976,0.5814677713353658,-0.5961733452225001,-0.5535996507806851
16,0.9918223036901951,-0.5311206115272707,0.5607880031392616,0.8123766387333079,0.5495156395858938,-0.19513266946075078,0.5829419850411919,-0.7567262513654415,0.2958783915236824,0.014927790077816151,-0.3541157188616636,-0.9350824662768947
17,0.3262004994475171,0.1132495714929368,1.923483411491084,-0.5546465556064677,0.2910503944957456,0.7795234866363889,0.19261394771977033,-0.8664757836109644,0.46056441846887247,0.8094856796124853,0.4055975644399704,0.42452744342701443
18,0.24203125287495356,0.7022779587184705,0.2721768469420006,-0.3091495130616573,0.8885088778792086,-0.3390848750734391,0.9507450546692311,0.2802791046800557,-0.132391330916141,-0.022592467677103364,-0.363311983575516,-0.9313935704065618
19,0.8734998856957126,-1.1365940925063045,0.6511020690864726,0.40634016321665223,-0.6077384534366318,0.6823061218921572,-0.7833552805104511,-0.6161075489339792,-0.08225565417013515,0.4703638764334023,-0.5010643275678437,-0.7264243686616851
20,0.11604590492498874,-0.9041107692467071,1.2276297623059502,0.8012227049181698,-0.17836489919929294,0.5711638467701168,-0.5983390618564609,-0.2297223551541034,0.7676053716586292,-0.005704750681818511,-0.9567724924328029,-0.29078145323177035
21,0.4364336196314067,-1.3477495582682728,1.133800293266471,0.6601705272963754,-0.06725585202742439,0.7480986066403886,-0.7167305103582536,-0.3543070392341689,0.6006362438870255,0.2246603000327895,-0.9327074419758761,-0.2821073860642339
22,0.4914430636467798,0.5895959202138515,0.9319092292710257,-0.17833058624296302,0.820789022916055,0.5426818422158132,0.8005220041853299,-0.1996749695690759,0.5650614367860288,0.5721562049172794,0.5351964932509332,-0.62145151925678
23,0.47765904155355954,0.7757192800964839,0.7124529796514188,0.8059684398999922,-0.0684361027736597,0.5879892632712996,0.30167849374784145,-0.8071398554970978,-0.5074596930576434,0.5093181326982245,0.5863802124093864,-0.6298835497133709
24,0.49128865466995314,0.5914049471194822,1.7090709259874413,0.2555704267356387,-0.9086267841858089,0.3302743163467591,0.7841274491688778,-0.005020421479871175,-0.6205795185373696,0.5655332885322247,0.41757892957897197,0.7111961312701353
25,0.3345379674975251,-0.18481548036287024,1.7707433026854198,0.030902966492134722,0.8001278396558084,0.5990329263652501,-0.7519414180889348,-0.37623285531394596,0.5413251724654204,0.6585052091095316,-0.4671662217990985,0.5900225510822172
26,0.27962190134919024,0.42937891270027995,1.8738561037361419,-0.15630097809682736,-0.6959410889336274,0.7008823046559615,0.9106696699641323,-0.3762886161317659,-0.17055095888636554,0.382427452536286,0.6116149753754542,0.692586720521762
27,0.6610863372342386,0.5570451690218088,1.3446652188738948,-0.28117062907211676,0.7238074611251704,0.6301157326767244,0.48734677272430943,-0.45793963808479876,0.7434947282839092,0.8267020022126416,0.5161337492262046,-0.22398605413576747
28,0.2989242499785696,-0.23843249010893122,1.9560611478118386,-0.37464762154946957,0.615577891531447,0.6933274977418848,-0.737580566124033,-0.6509854232718753,0.1794237642111222,0.5617953970472491,-0.44416420178266897,0.6979284302213861
29,0.38894820952389153,0.07821594638441907,1.5216486171454529,-0.33195032358811,-0.14294333675055135,0.9324034454828916,0.2812814213069265,-0.9584834031475638,-0.04680093928779847,0.9003831099578137,0.2467321794360909,0.35837618075621636
30,0.4188524469404667,-0.8827671948580413,1.019481573901225,-0.3201087289399331,-0.3209462423249911,0.8913607076789556,-0.8650750759110623,-0.2845548429433572,-0.41312668080741427,0.38623246198880057,-0.9033393885439456,-0.1865541058543615
31,0.025840039617732832,-0.05554254202349347,1.8376628529421366,-0.8560392607595504,0.47972814264170877,0.19250374852396715,-0.5096065209451667,-0.8456209601414324,-0.15882816368530292,0.08659086469371828,-0.23406430938316575,0.9683573313733809
32,0.7919758835531593,-0.13875338260521758,0.9295006682191229,0.5260115675570824,0.3477400087173661,0.7761370479067387,0.051807060193192304,-0.9239963761400143,0.37887560675538384,0.8488980264497497,-0.1590835730594692,-0.5040481697936743
33,0.3502659231038928,1.088563221825809,1.6281052470204365,0.20634461645469301,-0.6527355627572793,0.7289431969447986,0.9438677901824996,-0.06360723797122667,-0.324141502948445,0.2579447497356181,0.7549108585717983,0.6029710620703284
34,0.27631115371823667,-0.5545488045513104,1.3773692683640955,-0.587399224442508,0.3241791129905267,0.7415322338408596,-0.691651327149188,-0.6768466479424595,-0.2519862234762511,0.42021493640410623,-0.6608982659000789,0.6217981098018563
35,0.4273504090505391,0.4736938515955301,1.3411455064770272,0.33027279481185484,-0.8183027431206922,0.47042587259664725,0.6228067227385137,-0.1855683828202692,-0.7600501045386299,0.7092472538677035,0.5440082682263392,0.4483562612281676
36,0.4183223059666434,-0.2844236950180694,1.4996958021539186,0.303601409464143,0.46170039123675444,0.8334620164729846,-0.5009601143215491,-0.6667319778539313,0.5518219219693299,0.8104721759754164,-0.5850651403380761,0.028872712564999063
37,-0.39743231261062173,-0.2967739007559265,1.8599759911783238,-0.7189775435304976,-0.5538966960437028,-0.4198449023278969,0.5889302929954975,-0.8062962335085161,0.0552041105554467,-0.3690967378494273,-0.2075688655406933,0.9059154288161013
38,-0.4335063116172844,-0.3186649659655674,1.8881962194867827,-0.2620021945848994,-0.8663311713469934,-0.4252354072572541,0.904147756169947,-0.3744214516032732,0.20573140643117108,-0.337448788774751,-0.33057355933565524,0.8813906266931874
39,0.3639101448295718,-1.0186954027753126,0.6613521478185838,-0.13785612167965133,-0.517850176552034,0.844290758187292,-0.8930991866501107,-0.3035508734411232,-0.3320101053251873,0.42821668874572827,-0.7998050149118586,-0.4206452253401739
40,0.316220216577219,-0.8473099126470555,1.0595465612823205,0.26964270035637666,-0.6279668600827862,0.7300345449239287,-0.8284055885411187,-0.5377863457546269,-0.1566206474055311,0.4909551863646662,-0.5625330825450635,-0.6652214187952645
41,-0.04030790596245265,0.055561029697405506,1.9832040244264522,-0.8009539267326137,0.5923696591333606,0.0870114601063163,-0.5976793204640439,-0.7996547486048752,-0.057720992050662036,0.035386962871169395,-0.09823680558680714,0.9945337062598001
42,0.27244502830802586,0.34771660989896686,0.3291557801824889,-0.23743242255661356,0.6731935289288821,-0.7003115858867224,0.7639966635263206,-0.3158384315922268,-0.5626323695362829,-0.5999457832500765,-0.6686228815540497,-0.4393273260597518
43,0.9190643225707691,-0.24793224170002673,1.8664456766436521,-0.5556124255378407,0.6635223184970852,0.5010319006253094,-0.4734167688196275,-0.7478508182617383,0.46539844931588664,0.6834993749728969,0.02138425779635892,0.7296377991374612
44,1.0204850967626946,0.5194525537349446,1.548883929368485,-0.18511649265535038,-0.1261137154338589,0.9745907935777196,0.4599491918203894,-0.8875198309202722,-0.027482552047108363,0.8684345830808169,0.44317477421748525,0.22230045975330034
45,0.6546387754624499,-0.31313155536404685,1.756086423405577,-0.31645088408681254,-0.054677084847635234,0.9470318127461396,-0.21575618965775223,-0.968023428378567,-0.1279840174966133,0.9237467751418907,-0.24482863088856635,0.2945349502388254
46,0.8378046610218077,-0.7056329438805667,0.6239785926041258,0.86038716975135,0.45872671939533183,-0.22204439880361343,0.5090307010854799,-0.7521900901980527,0.41844690650101624,0.024933180296273966,-0.47305376557072437,-0.8806806864009632
47,0.6539702196507913,0.24431350334064586,2.0113951891998867,-0.684146934498293,0.3467882591220193,0.6416236243715684,-0.11069518316990937,-0.9189070140260884,0.3786244524547225,0.7208949635276755,0.1880101138470412,0.6670552065996143
48,0.11610296013339333,-0.028985215856852663,2.0322504709246503,-0.6654389132040468,-0.7211925621787332,-0.1925417904037747,0.7405990913504906,-0.6701182270558924,-0.04954339167129171,-0.09329543764110136,-0.17556437573021894,0.9800373009685978
49,0.5648877890124545,0.6660542255379266,0.7833179559718776,0.13515316933967758,0.6798225852640681,0.7208154225474919,0.8714458632380657,-0.42774915893508153,0.24002659118437883,0.471503688493211,0.5957112636128421,-0.6502402341766371
50,1.18384218663502,0.03816084639335389,0.4340818903076311,0.10061261404502134,-0.8275208586948415,0.552346205128613,-0.5315653680192961,-0.513995183595648,-0.6732363706477736,0.8410204286564851,-0.2258720426821974,-0.49159582882387615
51,0.13742727307327074,-0.4147267104216724,1.582973612287915,-0.3596506559905886,0.7113999784133933,0.6037892648589926,-0.8870579510346033,-0.46140585019683666,0.015258863339897483,0.2894470541426025,-0.5301082079326426,0.7969979239186332
52,0.4687982254548468,0.40535316592539994,2.0102482987010393,-0.6296475844632329,-0.1671074593441227,0.7586956019453179,0.5110516512939882,-0.8246347231848543,0.24249491340547047,0.5851240288086824,0.5404189766740164,0.6046298045592071
53,0.48359963934123085,-0.41048632987516687,0.9935200137160247,0.8879607151345956,0.2699692672337252,0.37234710033373825,-0.04158321583171316,-0.7591501035329068,0.6495859885088887,0.45803559309157477,-0.5922902287352565,-0.6628692785202728
54,1.0071819330597565,0.8735996465988675,1.6045521299185632,-0.31359490009531077,-0.7415249311065403,0.5931264748615195,0.8948967849621714,-0.43966382941731286,-0.07652098644472126,0.31751847646803366,0.506790384330193,0.8014646114781825
55,0.30725314387871583,0.7566815375681538,0.7863252592953076,0.24121101036370254,0.34567685833077466,0.9068212382238781,0.953165373494661,-0.2600695042844354,-0.1544008539873771,0.18246374776953672,0.9015937902158674,-0.3922188396725498
56,0.7761767954788963,0.28888232893584015,0.633352908491495,0.6651461943684704,-0.305564381336926,0.6813302789215541,-0.03002158377682219,-0.9226445841220472,-0.38448104751442025,0.7461094052648527,0.23528149151269062,-0.6228670605569792
57,0.8439920427391049,0.09327954044506087,1.8976534386869228,-0.2072404487481614,0.6278875141696726,0.7502057490798707,-0.06321515453556531,-0.773846383685911,0.6302107732285147,0.9762454817512373,0.08318079108824959,0.20006427805639787
58,1.3825593314163789,-0.029136374535876478,1.114026959721968,-0.24934995801379686,-0.7933029269801246,0.5554233200751341,-0.028026275401613183,-0.5673877986828926,-0.8229736410073498,0.9680078131531948,-0.2207748897645483,0.11924479747066909
59,1.1713549306438782,0.5719812629871597,0.77698237339862,0.45804058403770587,0.38917599181200685,0.7992126567888788,0.5104225013548065,-0.8512291366185045,0.12197469853382709,0.7277827240908511,0.3520667612383427,-0.5885416740945741
60,0.2477792438427205,-0.20402382231264782,1.557712841653688,0.2658050583888269,0.4896289101460839,0.8304283239895364,-0.5120056823828774,-0.6581783835401946,0.5519523499796523,0.8168217995025332,-0.5718957473085234,0.07574564058656506
61,0.1632339938454853,1.286707277048181,0.9430685400904751,0.22950264369275505,0.5891100891287298,0.7747759930617213,0.9731531543878996,-0.12468758975466825,-0.19345785863089748,-0.017363025166055597,0.7983747915909618,-0.6019104730017341
62,1.4962356634057106,0.7110200070694594,0.8727403453283183,0.09787359208795521,0.5297487702888138,0.8424885757974943,0.4810571074670871,-0.766265775802407,0.4259352300401258,0.8712088264745715,0.36359730638637167,-0.3298365950912284
63,0.27154824500853464,-0.4833750628061361,1.5605369437098353,-0.6160603807288091,0.2219470273153396,0.7557837814892291,-0.6860405314030471,-0.6226580330456658,-0.3763580252311982,0.38706329788356264,-0.7503575753929499,0.5358596014647065
64,0.43241985130342564,0.3959790850648939,1.1387935030867329,0.2797477750766446,-0.3670803850596957,0.8871263569774559,0.6038497452929046,-0.6510917622263196,-0.45983149334372475,0.7463957847210563,0.664327861876537,0.03951992516677395
65,0.35746151407080995,-1.1055030073514531,1.2377084073339877,-0.0008531793097268614,0.02473901949215297,0.999693579553071,-0.9396584468529537,-0.34202820875723844,0.007662093200269307,0.3421129569936809,-0.9393639791523208,0.023538040023716025
66,0.7378115708406535,-0.2569550013668687,0.2138709046864834,0.857306851987792,-0.5077605158983151,-0.08487767686181709,-0.5087927767586731,-0.8608236165345166,0.01061185820837668,-0.07845299135776256,0.03408753014098507,-0.9963348676202727
67,0.38994559148786373,-0.9586491457275084,0.8864620595823437,0.65622355486748,-0.5069387734129231,0.5589129861147336,-0.7229489253785171,-0.6345639387416746,0.2732644487354684,0.2161376814235193,-0.5833881106598361,-0.782906645143348
68,0.644892145644161,1.4300247264213892,0.9071664526638408,0.18654618005971946,-0.2823888980544503,0.940987265036419,0.9690900512544477,-0.10450563021628087,-0.2234794080284577,0.16144657092914252,0.9535906267936421,0.25416514557769343
69,0.5262333779719186,0.8928867548742008,1.595623227255662,-0.4148554774582733,-0.3945355071036988,0.8199004003275614,0.8678440910814769,-0.44232225231090017,0.22626899629771996,0.27338903854732977,0.8054146501927064,0.5258951177346364
70,0.9618861713861553,1.1925621259583004,0.676930204452366,0.16825140492883017,-0.06058802448362841,0.9838803565620395,0.933176655570779,-0.3117988479970836,-0.17878145285634994,0.31760477678588295,0.9482144112366478,0.004078735824572764
71,0.8556668517525493,-0.33702279698136595,0.7268109218445091,0.8728290734838388,0.2401737188710338,0.4248364311649851,0.0912483767205166,-0.9354826926573879,0.3413881449089201,0.47941958890643405,-0.25920786350367686,-0.8384319538702262
72,0.5921556805052356,-0.3573165472129205,1.866401976596487,-0.7590513221966982,0.408597680874673,0.5068422096227614,-0.4165759724217133,-0.9031109944158844,0.10418728792926861,0.5003054561688771,-0.13205478767917223,0.8557195706413758
73,0.7258913220070439,0.0724406045122141,0.971135238695267,0.49991971773813304,-0.2219611775070602,0.8371460514726834,0.006451398685594054,-0.9656200655023927,-0.2598774106269233,0.8660477211283596,0.13531860470324952,-0.4813005505394117
74,0.6241033459839775,-0.9977189094041846,1.758276731648248,-0.9875186326863967,-0.12123559454324716,-0.1005429297013714,0.15746433634788895,-0.7459479739978498,-0.6471217836443324,0.0034543994714609514,-0.6548767446659322,0.7557278057740386
75,0.6494321838063719,-0.5647902835058073,1.5642801786952152,0.12484227091444053,0.011589058206125904,0.9921089159577291,-0.4742551944930372,-0.8776057600028683,0.06992953958206441,0.8714909166992487,-0.4792429694212353,-0.10406612499281419
76,0.6020052280760021,0.0645746331291092,1.8335111987544888,-0.7779665022027579,-0.5297553055931178,0.33782752647815517,0.5443012196505415,-0.8368264120591682,-0.05880253708057358,0.31385395287830814,0.13813353060036365,0.9393693756912342
77,1.0838810439317752,0.6930309408349963,0.650094772605317,0.6230538938470673,0.6783069840645946,0.38949131021269423,0.7650823724573445,-0.6320467076165037,-0.12315000099950923,0.16264319449964276,0.37472202331906207,-0.9127598788962077
78,0.014118314596666525,-0.1633528254007591,1.7962247527811694,0.517357799004245,0.6661757583627431,0.537169216150095,-0.8554988225023054,0.38683391620339985,0.3442111066945836,0.021509823491891476,-0.6376279324532177,0.7700441203260905
79,0.45025206579599797,1.1831951238485348,1.0845190922618546,0.20851055481537922,0.5758008083036223,0.7905547278256438,0.9771654812220932,-0.1564362546668187,-0.14378915304644246,0.040877510180755146,0.8024843471262935,-0.5952712841878977
80,0.3087947252509239,-0.7594734260460243,0.36911177581084165,0.14286985132592508,-0.9311412228572398,0.33550592942306134,-0.9792517142784173,-0.18220859296172698,-0.08869108598776203,0.14371598959367382,-0.3158734742691001,-0.9378537533050018
81,0.31535049191936587,0.11319252564663834,1.8822785432658118,-0.6423636158124031,-0.4233856225692734,0.6388376943183959,0.47319798508531097,-0.8748006720487432,-0.10395889136706435,0.6028703442628582,0.23551730039361446,0.762285346326221
82,1.2289646599218398,-0.6088851597143236,1.1913266303208079,0.7070768956246932,0.5158126965080191,0.4837143018299882,-0.04430578515091429,-0.6503868115054962,0.7583099582768745,0.7057473068144913,-0.557614793151007,-0.4370200011249507
83,0.9808517447631895,0.8307667530588136,0.6301912660621346,0.35340569984674397,0.8466458210141465,0.39786337488529255,0.8742005468154722,-0.45029014764005854,0.18169256144879353,0.33298320567764744,0.2836011930468135,-0.89927334445043
84,0.2487713524139458,-0.5238394781894982,0.3463586152273378,0.8205112267623145,-0.197740262597951,-0.5363395522471703,-0.44658349168036515,-0.8074303430592877,-0.3855119013282653,-0.35682560406391095,0.5558372330591522,-0.7508131982254779
85,0.6495329601694939,-1.1325690655280598,1.3590114582063297,-0.4814988684024525,-0.21365643339510426,0.85000574597825,-0.7263349810260079,-0.4454952825727684,-0.5234228200445199,0.49050620288137686,-0.8694164029245668,0.059319332941301206
86,1.12208278924855,1.0116522568292967,0.6506438732838193,-0.037488968080000976,0.9680136508092294,0.2480809325991904,0.8790232232610132,-0.0861350117675271,0.4689338255187258,0.4753027984770503,0.2356487462194428,-0.8476773667882664
87,0.1921902491372837,-0.6685755770272979,1.9646068682084394,0.23979808805631692,0.7165298091915261,0.6550434409292945,-0.9556200578701289,0.05527462279735816,0.28937004176469466,0.17113498169815028,-0.6953630336842511,0.6979850065901192
88,0.1958737608958498,-0.4414402145205068,1.9720340442418638,0.6853561544418044,0.42720405339233897,0.5897318359507965,-0.6835122036679856,0.09803527864354272,0.7233257575796794,0.25119317069871905,-0.8988246663874098,0.3591882655208626
89,0.6687121010409509,-1.0865211813603841,1.6801393389034671,-0.09246771364524786,0.7301417946267922,0.6770101045570796,-0.8306245208984019,-0.43151618648177076,0.3519327863193907,0.5491016547193431,-0.5297987736333455,0.6463749935146643
90,0.6675638850127198,-0.787296744217167,0.7177714185275287,-0.0009077074925093025,-0.5207354558022336,0.8537176120577272,-0.7377784368919719,-0.5759472750948985,-0.3520904917318841,0.6750423350608069,-0.6301740405484831,-0.3836645989591065
91,0.3319957927684763,0.28861167575783564,1.4199759955546902,-0.275142639761783,-0.0984501159389986,0.9563493621352583,0.6429332714717991,-0.7584258418796475,0.10689738445686042,0.7147960102151435,0.6442808526106807,0.27197214331575714
92,1.102073156144125,-0.16003581020396074,1.5951465353090255,0.24457306480474408,0.6978176602524401,0.6732269520836377,-0.16156953651547698,-0.6552767942427347,0.7379075875725487,0.9560749452015718,-0.2892452868531739,-0.04751697792407198
93,0.09094196816187439,0.9382022670161546,0.42077725127209864,-0.6259301436217701,0.7791474571335621,-0.0337741816767493,0.7664691683836036,0.6225866405192764,0.15783183761291142,0.14400162923723228,0.07290483584252276,-0.9868882488345869
94,0.6578553642257926,-1.3655363832355722,0.7050138830205362,-0.7932923947449659,-0.1872268554384844,0.579338658335877,-0.5523760725850568,-0.1788697487125378,-0.814178289707495,0.2560622011842148,-0.9658942579796872,0.038476376214039196
95,1.3178528035771713,-0.6618561082104618,1.0358222774788146,0.16342317691883368,-0.5417820270998068,0.8244786839921211,-0.4355553375143435,-0.7894797313170606,-0.43245034605409677,0.8852030350199449,-0.28843368206776054,-0.36499533947752283
96,0.3830693813832111,0.5347440909050107,1.8679689893753482,-0.14739642026437,-0.4343516688747774,0.8886016672496991,0.90531223226839,-0.4210841040479514,-0.05565913602777821,0.3983516755311491,0.796258001569736,0.4552901685054228
97,0.48661582974020307,0.665145592927072,0.7274358129655746,-0.0035079092658308287,0.9348638919751515,0.35498901117309956,0.9407110683949937,-0.11732545624847697,0.3182725610467168,0.3391907728281123,0.3350585632350843,-0.8790252435687549
98,0.735288606392451,-0.879673710689804,0.6814900100834559,0.7811906855321296,-0.22529498095789857,0.5822227103033869,-0.47215567432941524,-0.8233473714651921,0.3149097094404906,0.4084239611437809,-0.5209042881917361,-0.7495656012031797
99,0.09750953859429759,-0.619572855594074,0.5526600136734785,0.29906306322576587,-0.9488788504227346,-0.10094657713093186,-0.9408048074974117,-0.2755149188993351,-0.19742807210133778,0.1595230340853,0.15401446907457242,-0.9751061198207597
100,0.5967235888638631,-0.3522516509141265,1.4466802539088817,-0.3206077819037686,-0.24192580833778607,0.9157961309390067,-0.3889784626098657,-0.8479222503180476,-0.3601716438605955,0.8636587322596877,-0.47169880291949773,0.17774654290844022
101,1.1430937730105886,-0.5698465813766925,1.5663488443665736,-0.31571037003110486,0.5485663132089357,0.774210541304611,-0.4263921969676224,-0.810936960148212,0.4007130407544798,0.84765361830169,-0.20360807124947924,0.48992560323187834
102,0.8616186119988227,0.8127903794843443,1.681093053848804,-0.3973651704319431,0.8047743309720065,0.44095260236918,0.2396599478460424,-0.3728302580939998,0.8964154773585704,0.8858126386127176,0.46188296662479433,-0.04472241513887718
103,1.22271571176746,0.04328168462582117,0.5748465453606822,0.5973201269843341,0.7576471802514582,0.2630198018333094,0.616443328949892,-0.6435159279585493,0.45374538306942863,0.5130363418829061,-0.10889444761172028,-0.85143156576835
104,0.5220345403639196,0.8321349043104471,0.6983530644670454,0.7005697663072553,0.5985501817777364,0.38850956542926496,0.7093934885632016,-0.6431000580288305,-0.28841496796706906,0.07721969256820681,0.4776609626682438,-0.8751440588968871
105,0.09692881261512681,0.5813285172137022,0.34744158711523937,-0.5514106872534028,0.7069280003488526,-0.4429436265547825,0.8321478196872633,0.5036214557174991,-0.23215390483625528,0.058959818287236024,-0.4966067172962522,-0.8659708471789199
106,1.0104845291996942,-1.1796742301034273,0.7717362450676715,-0.08823710198513814,-0.10655814927046639,0.9903835492663018,-0.6118535288021306,-0.7787857362971499,-0.13830414394545984,0.7860340152472058,-0.6181732263404484,0.0035198167844634697
107,0.3155048814274115,1.1564845878482688,0.5974371993180285,0.29128784759684934,0.5080389687352803,0.8105848481737045,0.9425845218889958,-0.29711408418145013,-0.15250455755914766,0.16335791666671046,0.8084674558863895,-0.5654153905182464
108,0.22771933169159386,-0.6538563207317813,2.0440046302205945,0.3222162592732603,0.75351636674183,0.5730530231245091,-0.9336500784995162,0.15291182429859404,0.3239066299221477,0.15644236375673412,-0.6393989826719056,0.7527912909833228
109,1.4390543412137666,0.5971643435728612,0.9932150424634021,-0.17717484946268885,0.08574401963917525,0.9804371656633536,0.5450494583296989,-0.8209277582157414,0.1702900577408412,0.8194694385346993,0.5645578614163422,0.0987130205222731
110,0.053414669407365584,-0.6376663086159194,0.904756413166092,0.5285740351692434,-0.3963803475802559,0.7506611148827804,-0.8480746786391574,-0.28525783999558096,0.44653925266671174,0.037132584019877686,-0.8726457384146278,-0.48694002344312964
111,1.2189852459211505,0.9345697404836008,1.279976810672496,-0.07280673664180443,-0.07325459563434848,0.9946521720269951,0.6100186756371242,-0.7922686443560261,-0.013697099846085664,0.7890351034481926,0.6057591595582461,0.10236916595238693
112,0.04886191774441928,-0.7687081679034518,0.7738977340013611,-0.11577983674029547,-0.6710257405339148,0.7323383677954486,-0.9923483564717771,0.04630566835565538,-0.11445752262695026,0.0428925262971686,-0.7399866489464841,-0.6712525534914556
113,0.5036016316353953,-1.1153025998050434,1.343860927139697,0.05231293582247663,0.13472194516589397,0.98950156858711,-0.9007963405447769,-0.42135814651937203,0.10499173883167062,0.4310792381996282,-0.8968318180419768,0.09931455351936577
114,0.11866836154796358,0.8317807869401512,1.2098056364757916,0.20289077009021844,-0.10313321573271199,0.9737550386133198,0.9699298518033316,-0.11535484179644968,-0.21431132274073444,0.1344299743099183,0.9879558696048857,0.07662755196591338
115,0.5117646363603551,-0.4313026697484353,1.365741690879628,-0.04926752222743916,-0.21042232729260452,0.9763683502809444,-0.5285795865924681,-0.8239463185616558,-0.2042451584895709,0.8474528493617237,-0.5261510318392034,-0.07063115320619687
116,0.9619560221811693,1.232791075752847,0.7961340996983415,0.6169714616189348,-0.11408336132164168,0.778672718295274,0.5299082508645654,-0.6713022623101993,-0.5182186008653735,0.5818448772769699,0.7323511857618339,-0.35372062351491984
117,0.09294920668942476,1.1668883091443538,0.7133658094012936,0.5660572324221338,0.6520519692463721,0.5043881828755731,0.8217036330863531,-0.39715696879033374,-0.4087413381516015,-0.06619931264962196,0.6458285930052974,-0.760607046681475
118,0.04940677892912835,0.8921140081698355,0.8606007675734025,0.029114182818197602,0.5431308667825775,0.8391431498301316,0.9987382084075338,-0.05017219149244719,-0.0021776748505802496,0.0409188883736864,0.8381477272825186,-0.543906271176763
119,0.12017599802673667,-0.1268594831367641,2.0250413154109768,-0.7403090707710049,0.5745748582372582,0.34900746699147556,-0.6266240043066929,-0.7777995534836001,-0.04868482132408583,0.24348477767781912,-0.2547382713342207,0.9358544631281276
120,1.030808065837141,0.5333479271703183,1.0608700149510712,0.054822220816783146,0.8364882020886445,0.5452357397229413,0.5813320354897271,-0.4707053935315385,0.6636938277652505,0.8118174601584315,0.2805778328144019,-0.5120825042071707
121,0.672463420445641,0.46523068150090635,0.9264099960730667,0.5552628871179585,0.42209581014538095,0.7166018791819792,0.6311089551279919,-0.775012332308334,-0.03251724968767766,0.5416498988707407,0.47030948515600973,-0.6967240308943028
122,-0.36645471716092665,-0.35512437675738134,1.8695361059834283,-0.5622725226594433,-0.6595653961663444,-0.49882171007497167,0.7161703687840231,-0.6899745252684193,0.10504835722835362,-0.4134605339545024,-0.29817552324185276,0.860314909903057
123,0.07315442688757566,-0.7739731362781133,0.6863674221144657,0.44855025435836393,-0.7710788651678717,0.45192925663921574,-0.8935915611603216,-0.3966562311436611,0.21013794545004427,0.017227627175739425,-0.4980975988562218,-0.8669498202754068
124,0.004549072678443371,-0.029010735008945826,1.856806266299799,0.15478010096414774,0.8133134781682665,0.5608603271540651,-0.9716553155298745,0.022640487169033267,0.2353154396619329,0.1786870676575901,-0.5813850656583686,0.7937646611441872
125,0.9640439282428793,-0.7994346680315703,0.9542097799917497,0.42756437250401347,0.16334297851487173,0.8891050437013275,-0.4101846301295318,-0.8414042258743302,0.3518344751247643,0.8055664321275734,-0.515129110078929,-0.29275369063180445
126,1.1659779062145854,-0.4275810172090211,1.281761419592128,-0.030718931915498238,-0.3257311537533949,0.9449632599717585,-0.34544966608826755,-0.8836908052275725,-0.31584029026669314,0.9379343662652923,-0.3361395189957985,-0.08537768061851879
127,0.10280738381514729,0.044969627381259626,1.8376782800301532,-0.7573935494126394,-0.5883093267239593,0.28327927456438734,0.5954602959876505,-0.8003257038826307,-0.07004144206875985,0.2679217184373516,0.1156326242648392,0.9564763713731788
128,0.39073114283816524,0.26602108511406053,1.4421982871428067,-0.6218593001614303,-0.32813184221773967,0.7110699718913241,0.6194993402049921,-0.7615713738982101,0.19034077320524936,0.4790736668700498,0.5588725584438595,0.6768677013494582
129,0.5373010804924496,-0.3232151848426888,0.2983508604381688,0.3939566652858622,-0.9109227696708208,0.12254735236668308,-0.9190543043970323,-0.39210752107070823,0.0398858056089032,0.011718850034464632,-0.12834095065498358,-0.9916608638737564
130,0.4668705271121471,-1.4880450589530083,0.8311483882141761,-0.7115357177628612,-0.24557280347455365,0.6583395176816733,-0.6821543010757573,0.016779656696049132,-0.7310156993150064,0.16847086356855645,-0.9692329138627159,-0.17945786918843615
131,0.8290876978210749,-1.093695054624884,1.0832161897464307,0.884981699274387,0.1564068472921167,0.43857073553710685,-0.27831033398108324,-0.5774446196903855,0.7675291976139825,0.37329713359300837,-0.8013080614287906,-0.4674982788636523
132,0.8775417431699678,-0.58054150000895,1.7784225293109968,-0.1866588404623951,0.11524767685402974,0.9756415582871526,-0.38185105631118793,-0.9235210931883822,0.036035555083355916,0.90517857247687,-0.36582340468576463,0.21639082354122863
133,0.6172515337045189,0.1790880840690436,1.4422931849093588,-0.3892952927614968,-0.7279027971830737,0.5644525603509984,0.6487587814093402,-0.6516871058858973,-0.392957961576466,0.6538816548718954,0.21321687052182442,0.7259320543596839
134,0.7772847652880172,-0.9009082765306251,0.8990008678223443,0.36988503797378697,-0.681442082826903,0.6315233538323523,-0.700207048223529,-0.6512293879794688,-0.29259250477409543,0.6106514130837845,-0.33397151373196293,-0.7180305562539512
135,0.10787905198258232,0.17061890712061312,1.7729163800317287,-0.6365823214968551,-0.7495970878894886,0.18129300534017562,0.7550743185438309,-0.5579651492170202,0.3442929940251438,-0.15692584692536773,0.3560605258756251,0.9211922603235057
136,-0.04550392307488374,-0.2524153029501591,1.990638777228236,0.4103378178567969,-0.8175797874474288,-0.4039630755328255,0.9113955813219565,0.35245092378474735,0.2124533846990701,-0.03132043395828054,-0.455347820331552,0.8897625486251766
137,0.4242707242404601,-0.36595887071614236,1.149505123477384,0.20781714655587089,0.3629182336293279,0.9083514679333899,-0.6122217161917628,-0.6759900297002535,0.4101488144186974,0.7628870190405578,-0.6413484508792541,0.08170410475730516
138,1.0384419156817244,-1.000333993577113,0.5312192186250418,-0.1119130816866996,-0.6203968936635638,0.7762622987624652,-0.7978606101270574,-0.4095627549811406,-0.4423537007191619,0.5923629874958983,-0.6688542771522501,-0.449154814045308
139,0.5897193405083541,0.09204526984346303,0.2869574064275404,0.9084279342166349,0.15454726424791398,-0.38842480797238305,0.1521781408402189,-0.9876578373036652,-0.03706494115820791,-0.38935909105260624,-0.025438937205244358,-0.9207346841998274
140,0.1494112456912555,0.5985681475691893,0.27452452024220236,-0.388389664320892,0.7768820788325386,-0.4955882406166819,0.9199445318753127,0.2957001195016302,-0.2574169722443209,-0.053437130549990386,-0.5558917834574953,-0.8295352904868052
141,0.5194310715800646,0.5275378268757582,0.7091230876885071,0.1908843472310163,0.8085016792107981,0.5566760284900981,0.878447266686296,-0.39377453723189415,0.27068803719260126,0.43805657811927023,0.4373404263741546,-0.7853914857097117
142,0.009782921256804343,-0.038663797321238,2.018981025850393,0.30612924971814753,-0.9322812672978794,-0.19270838360710704,0.9450240336702641,0.3220412680997593,-0.05673620912858503,0.11495415717836238,-0.16474544086607926,0.9796144555187278
143,0.3291131263596456,-0.6609749754131702,0.4948639656324626,-0.25847931473107755,-0.8991900437261261,0.3530519920917598,-0.9620103928540618,0.2063496142376068,-0.178761966717657,0.08788883829546505,-0.3858459562672626,-0.9183672740985903
144,0.3213587582652726,0.2937343092428936,1.7746040486662253,-0.650440577734876,0.5015839614317621,0.5703863466724475,0.04488379112428679,-0.7242520289518851,0.6880729931143855,0.7582298465044964,0.4731516968092774,0.4485699183809247
145,0.6115688113080106,1.1027061562695282,1.0769403032780303,-0.07181286951183874,0.3006694291839122,0.9510209283326503,0.8881321428450806,-0.4146712580250144,0.19816418600079427,0.4539429574493706,0.8588629938017893,-0.2372554514862548
146,0.672205905087359,-0.012392793978931341,1.7761701544138249,-0.7003510388110156,-0.23484692337690746,0.6740588587183854,0.15759605639231578,-0.9718966421891273,-0.17487252474614023,0.6961838158460174,-0.016243136455141645,0.7176797719541622
147,0.9489959410483336,-0.5416882199269601,0.804713573018115,0.8711541835722406,0.4905920108815036,-0.020245179767675717,0.4325922459419695,-0.7473515016552839,0.5043110961742512,0.23228072928132765,-0.4480906290392993,-0.8632846870944136
148,0.5162347609076576,-0.9931016307514032,1.3569826828433151,0.5930911055540914,-0.13684169848557706,0.7934212563753306,-0.6386449279302922,-0.6800407902417963,0.36010717798486774,0.49028114030782133,-0.720290825405194,-0.4907194007735651
149,0.5615667422670522,-0.5176481938306476,1.1854699162661178,-0.2599351668999402,-0.10706780194687242,0.9596719203951762,-0.6257540802200101,-0.7382420154639031,-0.2518542389792224,0.735435612475157,-0.6659843935033759,0.1248969475737145
150,1.082036814037813,-0.43254277484990344,0.6129243361367681,0.9382429402804167,0.3289217001379291,0.10728793125199482,0.30781885236137707,-0.9351821326581541,0.17516258986402136,0.15794853321535862,-0.13131981547093674,-0.9786763340961075
151,0.18173560248497167,-0.02781769490518377,2.1158619469140962,-0.9831726635182717,-0.08323031157225856,-0.1626168163074535,0.060048712423090775,-0.9879567073176595,0.14260328398174202,-0.1725272901506201,0.13043872010117694,0.9763299004187317
152,0.5705808163293333,0.314436340968395,0.3194158026537036,0.9592382478561968,-0.11558620051556312,0.2578794565298864,-0.08101676754221457,-0.9867034963026746,-0.14089887778505725,0.27073652732275394,0.11426303266784829,-0.9558481532852182
153,0.8815064674220916,1.1859743774018856,0.6015796525058589,-0.24070694670579162,0.9217244177215234,0.30411225490514837,0.8358677058609397,0.03759753192006856,0.5476418573230949,0.49334100184998286,0.38601881219629464,-0.7794896615890534
154,0.13617709640196765,-0.44078359242556003,1.8153100138365719,-0.8343234417183868,0.45188317228935637,0.31576255826315675,-0.5489401090805945,-0.7336668950726957,-0.4004967462002346,0.050686795536614114,-0.5074785568633399,0.8601722868600984
155,1.2513387697373506,0.2221752490433912,0.5864196211792219,0.01757493814469277,-0.8745101860102746,0.48468861768509186,-0.3270989372200516,-0.46311710678104995,-0.8237286147004135,0.9448266543756706,-0.14406415227607625,-0.29419060693749655
156,0.8650249738825577,-0.4819129604482605,1.6701727943178002,-0.8123180320811738,-0.2723405297301574,0.5157228428352446,-0.0347566622872916,-0.8600986460241916,-0.5089423282985995,0.5821781421372811,-0.4313478352485956,0.6892079917150802
157,0.7778116880964543,-0.0013841998456542988,0.8364269458759241,0.7593271838129729,0.4172304145563231,0.49934057424949796,0.33872058278322914,-0.9086552630639265,0.24415974218780628,0.5555993113041531,-0.016260199118866205,-0.8312911711325734
158,0.04459789648312184,-0.9468396480148422,1.6598499076781288,-0.6826384067364791,0.4288788529574272,0.5916652221773753,-0.7282180816783158,-0.3318219327457534,-0.5996604292978039,-0.06085417951985826,-0.8402125531285487,0.5388317310628343
159,0.9975617323409528,-1.222464041486574,1.1487316532602982,-0.8555343596853362,-0.2777964235299816,0.43690972348043816,-0.30188873452962983,-0.41791355421270127,-0.8568613967085962,0.4206235268763512,-0.8649724898973716,0.2736757942508632
160,-0.25991526310153773,0.18734106562146624,1.9797400277656583,-0.6783406350506788,0.7324824171843991,-0.05764972987570549,-0.7327375019790122,-0.680199150778882,-0.02061233788886673,-0.0543114723847455,0.028259932685476247,0.9981240605115245
161,0.6400904288000688,-0.0668051419094502,0.3021892898693902,0.9930985676213158,-0.02220975060537561,-0.11516059207271404,-0.024292626033262564,-0.9995651483304289,-0.016714740906627466,-0.11473928407001276,0.01939693844952469,-0.9932062502168854
162,0.021655402012154133,-0.14111294149286185,2.077033210842302,0.4619599903491939,0.7209515605609551,0.5165479790312766,-0.8842987996449592,0.3298398140474601,0.3304865050431278,0.06788667220491135,-0.6094543004966496,0.7899093969203572
163,0.4344273451613395,0.5216755505119568,0.7008181933907097,0.324090774360183,0.9147725381397888,0.24115632573064644,0.9420405827618286,-0.33543794438517194,0.00639733510180068,0.08674508864697396,0.22510572834101536,-0.970465198069302
164,1.0079278235124578,-0.9160239664264668,0.7989771285303896,0.837634664019317,0.14325075473710625,0.5271123133645195,-0.21761087428381254,-0.7975998849129826,0.5625654903922135,0.5010126515634916,-0.58592972689056,-0.6369243896407745
165,0.9470541139042283,0.13833895967761056,0.682903721101134,0.49306206011746356,0.8685896216853173,-0.04941532124028046,0.8498511545863439,-0.4687169583546289,0.24095109047074956,0.1861258174487919,-0.16079950886536454,-0.9692784419493072
166,0.825009741450012,-0.7915964213145029,0.9780211854345987,-0.25633583435289703,-0.49824706707567307,0.828276403247789,-0.7150579799541206,-0.4788243977579841,-0.509332191615292,0.6503722206018157,-0.722825744050524,-0.23353568979337969
