,0,1,2,3,4,5,6,7,8,9,10,11,12,13,14,15,16,17
1,0.19484985607399988,0.5381145879868667,1.1578484268600349,0.0015771580990756823,-0.45804686012876356,0.8889266485478492,0.9987547303607495,0.04504779994349131,0.02144024958525066,-0.049864828831122816,0.8877858805176123,0.45754751578301756,62.99809722692069,-44.8605649235954,50.98193657763259,39.81230555963797,-44.34054140560696,14.539766497001505
2,1.1530536149454877,0.010517562982270409,0.9789730258497285,0.45819896115578085,0.8833104989047162,0.09907711400956543,0.5743939232222969,-0.379318635740106,0.7253888567834241,0.6783253887044635,-0.2754631283946473,-0.681171587732469,2.957854027715513,14.034436205868909,7.699957018641358,38.69332950692606,29.738180066514328,-28.773122990901527
3,0.12633592388096465,0.06746140309121587,1.7693363428607083,-0.8130212849218805,-0.5618125515622564,0.1528497535852818,0.5799046670753423,-0.8048257635786661,0.1263569047747435,0.05202852456307766,0.19136913854413462,0.9801381971154195,17.492689254691978,-53.13635106639671,0.638163006794033,18.06289360093989,-32.56243238989908,-8.437000415929601
4,1.034678478030718,-0.8703507452179539,1.1092394005017385,-0.8807945650011315,-0.4226772293613919,0.21341249739376733,-0.09237665992012452,-0.2886594544627988,-0.9529649899399458,0.46440013669945135,-0.8590807174699108,0.215204167954327,-37.3866126479038,27.283630146124324,-9.54686672612128,-40.066924168323006,-38.48948367553657,-25.784888790301697
5,-0.3604864932938285,0.3221698813846974,1.8476233104798934,-0.27188985395675536,0.9475106762553233,-0.16822433146710425,-0.9505475465760735,-0.29169540793804444,-0.10664497496865581,-0.15011751734418488,0.13090953888100645,0.9799629705332649,-41.835993419201806,-57.856763046432235,-43.87513842538738,31.356121928297938,0.28555699026260106,0.9731289825711994
6,0.5728845831056313,-0.006357829589125725,1.0652838274665337,-0.24307594028729113,-0.8254680420047366,0.5094277170338455,0.05543251963075427,-0.5361421084557951,-0.8423056899415796,0.9684220789618726,-0.176505385666956,0.17608102058349107,2.935404883918234,-47.67465277144916,55.86139531084169,-36.013778520951824,-22.590381999958343,19.339349278809348
7,0.5349264399413578,-0.15499637329036164,1.6695780695051137,-0.7863012633570224,-0.4882381746075697,0.3786209292934277,0.28079923219610753,-0.8282613240854703,-0.4849071769135409,0.5503472671334227,-0.27496665957903316,0.7883598300768001,-13.983114628844826,-35.053592257407445,7.168500992506309,-17.834883243565418,-25.911116815517417,-11.209213581904228
8,0.7808790700425754,-1.0220770903458947,0.45498688073851856,0.10668846819434774,-0.6795065012661261,0.7258708462883819,-0.8864199478886696,-0.3957116212212373,-0.2401499298677976,0.4504189680057799,-0.6178051695862767,-0.6445459841571275,-52.48647434594561,50.45980891668905,4.876183523860661,-4.13254270347923,-15.233460487116266,-25.263881500239563
9,0.02709438780056527,0.08890361378820487,2.105798252945947,0.6265857717752048,-0.686847091584666,-0.36828160881390265,0.7784466401155921,0.5743479442933804,0.2532691599439495,0.037564599047730574,-0.4453824330478848,0.8945520606598196,82.43270009032588,-20.94586691107428,-56.663676760110086,-8.815099940447517,-38.73548055919289,-3.674840627476631
10,0.39561023873562384,-0.4738956969636227,1.2966629875938784,-0.5437224181605701,0.2209392577407507,0.8096615196355748,-0.5097341184906302,-0.8533416036613273,-0.109449695784385,0.6667361250421356,-0.47222235424604836,0.5766012380442114,-53.98415768749149,-39.912302091443095,39.144228727775214,24.801039051838828,-38.58665717991753,-23.691478148715756
11,0.4563178565366184,0.049482856088362115,1.9552003638100535,-0.17011381338077058,-0.9290367713105833,-0.32856044809115315,0.9773270416356235,-0.11640639620008741,-0.1768654986464817,0.1260680141225867,-0.35119827516164603,0.9277750952351933,13.52507638391139,-21.929746489202635,-26.701374919673302,-32.474997433296565,-43.697907391888975,-42.020046243980815
12,0.8520295126485211,0.4446582734978787,1.2510312311401055,-0.13320376428050545,0.47786190394539396,0.868276890133088,0.452819210861207,-0.7499527294152983,0.4822091516319222,0.8815960069422599,0.45740453036696893,-0.11648852365463011,27.58600018503728,-10.307987806723458,16.699749750022175,28.688083379813023,0.33941754161053916,3.3412551560499426
13,1.4059311308150746,0.08966780416959974,0.7794553658001584,0.6339391863465651,-0.053514379118789236,0.7715292082881798,0.04288715175458659,-0.9936355545017372,-0.10415890285714514,0.7721928517078063,0.09911910036696071,-0.6276094356475294,3.2989483784960054,39.9131856330439,-11.58257217657085,-16.513977017576728,11.057738613727667,30.700289397075416
14,-0.2491999703758099,-0.043240520093345225,1.9282233760879954,-0.8163236100364063,-0.5118176253230096,-0.2676910198453518,0.5031009860473059,-0.8577327104574358,0.10575441007149101,-0.2837343150472952,-0.048345794233375386,0.9576834146233224,9.881938905487392,-50.313285912014344,-34.90555094460276,0.16651646339902929,-21.508845825839494,-24.47657124869006
15,0.32399097387733494,0.07650040190258041,1.7875734617717052,-0.6610285016352926,0.48166025640447063,0.575364855918555,-0.2658938877894562,-0.8673873517773404,0.4206419170897029,0.7016706923208409,0.12507029774119835,0.7014382796518307,14.907678049671478,-43.91966399441918,-5.905511677621283,33.49033875281422,6.206175433898055,27.82864417613079
16,0.16030773343493537,0.7641414370585695,1.6833464752318463,-0.7876956770654887,0.42098001526416556,0.44979033680207525,0.44861271663548313,-0.10843585699989887,0.8871236077287252,0.42223471056424655,0.9005650957398251,-0.10344253249919261,81.44068735492897,-16.117347786642153,-17.548936675133252,24.762484950513816,42.59691354691349,15.080954514205553
17,0.22262148223965425,0.8017947978143579,0.7266401741782788,0.5001155154505414,0.3662868030469559,0.7846772897945242,0.835250595999983,-0.44320686450759234,-0.32545985487464046,0.2285627114979882,0.8181696970476169,-0.5275959000463311,74.49990774695743,3.8808413632720327,50.3232013101404,-0.24130976060159523,-22.361012850268118,-40.707127634278805
18,0.0511744704563571,0.8118578974586576,1.1145304602772137,0.20080287838055774,0.15095885140965615,0.9679305911144457,0.9771760046623953,-0.10078174099264091,-0.18700293204795104,0.06931998230035322,0.9833892748365571,-0.16775063096843812,86.49393689270157,-21.70266781480767,36.02685348982103,-6.348745581461175,-4.695392720916227,38.98869085979716
19,0.5501114624887209,-1.1266346595791514,1.507978722037017,0.9376755441838394,0.05164124966827752,0.3436535394437826,-0.31333085140777167,-0.3020488607556803,0.9003278643207021,0.15029421610834423,-0.9518926762240029,-0.2670430331528686,-61.66742091167096,18.922527263866943,-39.17450531911642,29.474212623753527,40.48750304370787,-38.44965197089136
20,1.1173754663873559,0.3618152462306727,1.3631405264509997,-0.1548571805526072,-0.9615313213371053,0.22688493056837758,0.5086732761346037,-0.27447663956897067,-0.8160355828500462,0.8469183855471474,-0.010958668652972934,0.5316099658617847,20.285443462096016,10.313832639528933,-4.758017839548602,-26.646453253033435,-42.65823505812911,-17.393196020219754
21,0.4937350857361603,-1.146791580199986,0.8581037835823565,0.9069870833841281,-0.2029013392781399,0.36906026214358234,-0.40044306320183004,-0.6869121775563419,0.6064627057440051,0.13045989310085943,-0.6978414625428484,-0.7042709062911591,-65.46580553840158,25.327860127795795,3.2266269455140693,30.602610606510385,19.63775996461733,21.613922292916495
22,0.6449021866693703,0.39415553793335056,1.0233025985753914,0.03094534500324988,0.7501051672274711,0.6605941444800109,0.6144203154165915,-0.5355687351467018,0.5793563721378562,0.7883717788112447,0.3879540797981245,-0.4774532127255868,32.60686373371906,-24.63963686592351,41.50155795212284,25.70325316746804,13.062356532213212,8.992969482133837
23,0.18282599265196658,0.05568621504222463,1.6828798087157322,-0.9026728414066005,-0.0708410889485713,0.4244564541899614,0.1467664459004373,-0.9778981478808295,0.14891213089939098,0.40452608289786235,0.19671490153982732,0.893119194602539,11.690760572326033,-58.032021592808846,8.889894810368725,23.500449912719255,-16.112610751820803,30.90588130649253
24,0.11044962061531918,-0.562969760909038,1.2972396480477706,0.6530518742223389,-0.031388248471995936,0.756662426338556,-0.7498819760529508,-0.16642706593097273,0.6402960672349388,0.10583133546172459,-0.9855540622327462,-0.13222298911656785,-77.03918389855,-46.07847455611412,31.253270512237993,17.253655854551607,23.424089226318046,9.979605544528734
25,0.7659480558403234,0.8381878644344516,1.3853199756269552,0.07745604889304804,0.09790561859470248,0.9921769249168549,0.7621661678977267,-0.6473666208591008,0.004380720210584769,0.6427311202999058,0.7558643714616121,-0.12476281077697061,47.25084108329612,4.285273754831945,-8.73088516453492,-11.54221086186366,11.851853713770005,-10.169749387050208
26,0.6347816533982613,-0.39859956291689036,1.8204649091787566,-0.6094172615673553,0.2919332190284208,0.7371469303547629,-0.482606355789974,-0.8742472238360095,-0.05275317020001062,0.6290482546314444,-0.387900486262565,0.6736701760523461,-32.21202382419637,-15.1109749171049,-19.70563589325213,3.108246965285212,-7.546654630797141,13.709151840054757
27,1.3658434066233323,-0.7994393539273821,1.1280907606715194,-0.6550694107343049,-0.296799717367121,0.6948337893993121,-0.13657275877578204,-0.8579569691111739,-0.4952350156379698,0.7431231046607167,-0.41930867737785393,0.5214866099863469,-30.425227168698754,50.0227820692755,-44.353006216199276,1.4018187400693403,-37.11386705657036,-15.230265679640407
28,0.19160574590333684,0.9515905307077925,1.6125870049280162,0.3268699706189887,-0.3075222801163829,0.8936364302889416,0.9307527922523272,-0.05921278838965849,-0.360822789476521,0.16387575178176225,0.9496967373446865,0.26687233849692965,78.31900513731397,-6.2923252795165325,-12.833174011242653,-26.6193118262169,4.069345381041984,-32.385604382737135
29,0.9635530331814723,0.10022657063672091,1.475593495754245,-0.14060203308959043,-0.6898287853409247,0.710188225195362,0.1910752954232814,-0.722734961728877,-0.6641870268031923,0.9714531896957154,0.042313378615080534,0.233427243954508,6.586984186024275,-9.151933475680597,1.2277143982115337,-35.448159617764674,-6.872881624750629,-7.147918229751782
30,0.7040533552226987,-0.20247391877353094,0.5193506977393179,0.9439896583609658,0.2577909567021914,-0.20597899783743945,0.20801520643710672,-0.949478698490467,-0.23498909549972063,-0.2561507345265183,0.17898051222247033,-0.949922511285056,-17.219928242526652,24.25967117644149,44.74359783997737,-8.747039956199853,38.7216069467567,41.57064311271398
31,0.5200030799412295,1.2565589837945594,1.3200669450229872,0.64813971348174,-0.6624410554177318,0.3756151752856233,0.500241600793175,-0.001529069060792005,-0.8658845204666088,0.57417179715107,0.749112481570591,0.330389523610331,69.33549917862696,24.95355368952291,-22.93010851986139,-37.00218009448389,-26.9616413809277,-14.98118925274427
32,0.1200157077055079,-1.5514282025549035,0.6645715420841163,-0.41413290307511863,-0.5681960052561162,0.7110887695650705,-0.8967252647828694,0.12067956441929736,-0.42581714647447133,0.1561337186217863,-0.8139961562209985,-0.5594930916166639,-86.16619575113641,56.374571316665644,-29.909577461113418,-37.04999439382269,9.684720521592,-5.5339828593610605
33,0.45570455969092455,0.2548243300556475,1.0791933935462938,-0.22730476756236473,0.595518738858474,0.7705127995769,0.3832215946644382,-0.6726834352427886,0.632959876558385,0.8952506643539921,0.4391519413806271,-0.07531148886698442,30.54437801817934,-56.056776011020176,52.9424354511174,30.711923429401097,8.643917385971221,7.706529815376426
34,0.7481094414225213,0.35986253452656725,1.4561734577949796,0.09089534869865132,0.08859116874573437,0.9919121132465393,0.5388723089881655,-0.8419916372025672,0.025820873081743738,0.8374692055178589,0.5321669735160246,-0.12427245112284975,24.125137068918836,-20.235849336235653,6.1747979916922136,-21.766863016901382,22.74680759289672,24.139864617750085
35,0.22137698637078865,0.01941927266193353,1.6945047125642758,-0.5363619397461152,-0.6740383744450363,0.5079253285348916,0.5471769897098722,-0.7359156448915373,-0.39878002148542413,0.6425832331486927,0.0640346264092002,0.7635354314613089,4.4379880814133195,-56.01268509518303,5.2766464407637335,-40.34900626900543,1.2496123905420242,-25.255451148821898
36,0.18281121287765228,0.8381836469093836,1.827157460840089,-0.40248392589143517,-0.7229772343551017,0.561525251438674,0.9095093375426639,-0.2461808430555429,0.33494440946993975,-0.10392042302513134,0.645522200328316,0.756638377668994,74.85713227992352,-5.492833131198455,-26.576280374856076,39.62870662272498,-24.93951242586548,-19.346128065907436
37,1.262067369475656,-0.7760329371602969,0.6724197818830834,-0.729365186021532,-0.5880449083841655,0.34961351681997993,-0.3191744538909567,-0.1595202996861717,-0.934173935609126,0.6051066793576034,-0.7929416496259308,-0.07134035944205852,-29.156392500622818,52.68739087034566,-15.657026213727347,-38.836754088524806,-39.35551738698242,-24.410945785886515
38,0.5553162415918609,-0.49179574470205684,1.8616118316362473,-0.15685840925899247,0.24412505074594448,0.9569735623532285,-0.39009368126968186,-0.9054946242145235,0.1670521037044033,0.9073160195203247,-0.34710581256569134,0.2372660860824927,-46.686348369450016,-10.676998899038031,-35.19251461398046,-42.36346754691015,38.781951529169476,-8.7982018735091
39,0.5787875878463287,0.5094608600416057,1.06396898611384,-0.02168961013094384,0.016308571950651593,0.9996317278344551,0.7552786144958945,-0.6548445327300526,0.02707124745409819,0.6550448651027879,0.755587631207982,0.0018858069840001917,39.376237668925825,-23.658713196622333,44.11648309096622,25.947178008774223,-22.6502640957359,-28.29024792665794
40,0.10284635248320437,-1.0191333278075745,1.4387015605314124,0.2121966736097703,-0.1724198978041728,0.9618960185748495,-0.9625961195276475,-0.20656782491754577,0.17532382718600809,0.1684674519878059,-0.9631205078026491,-0.20980372987795892,-84.97512425398979,-4.141513472392354,-6.056700581637096,-12.420167154895667,22.833368282477608,-9.275678565407446
41,0.2565289946868555,0.17774562180023468,1.6932250329384118,-0.7136147390734423,-0.6229159055264476,0.3205148652080099,0.7000825358773909,-0.6506328614777234,0.29421305634657235,0.025267511484605428,0.4343416330579829,0.9003937464553493,23.368890516216513,-48.05337924889565,9.077546271415127,33.96471726747831,-44.08517143176517,22.47937032632523
42,0.5236272171922707,0.30000691209472274,1.2204151054880228,-0.19796065800845583,-0.0798578556582569,0.9769515345044114,0.5126612344027743,-0.857927287065043,0.033752464352090526,0.8354579801650607,0.507526839683263,0.21077587712932583,29.305346143212507,-44.92463834176986,42.30283679163461,11.467838403030882,-9.74392567154632,38.553946899006526
43,0.4050383329872919,-0.13383905488058861,1.6439378263594997,-0.11662295441693764,0.3248389019765335,0.9385514233465021,-0.21662055440605033,-0.9305679933955265,0.2951588471935726,0.9692649905530892,-0.16888723288189506,0.17889237171443692,-23.044702248277748,-44.55169834189926,1.6505546346516993,-23.26088166454709,34.55702159921654,6.770426108031341
44,1.1246261034299758,-0.42560561372599653,1.6845262461306292,-0.4330471011904722,0.4261245188609936,0.7942846483320798,-0.41515814497136627,-0.8764558024968465,0.2438625451633417,0.8000711985907648,-0.22414977290886454,0.5564557093699745,-21.349919142223584,17.035346748717128,-40.93505880544551,25.396870870622596,-11.091680764332459,-8.238021365041105
45,0.05218456551619352,-0.12845450932807834,1.917293432422351,-0.5939643185994412,0.6635832219581156,0.4548227080592918,-0.781417796635019,-0.6103086481942135,-0.1300368449379786,0.19129196358648606,-0.43264380438767197,0.8810372995464996,-69.92679749266745,-43.70303731392034,-22.17558609943301,-23.78383370652613,4.434187198262168,-29.957383951448367
46,0.744915986656571,0.5369132793212867,1.6757646600466047,-0.29099034437758425,0.1683564356423968,0.9417965438760127,0.52465428719825,-0.7950962338213535,0.3042365163611951,0.8000390605486154,0.5826474830812255,0.14303640115579616,35.72507536767115,-8.012150508498031,-19.048242104463498,-1.0414907470031507,18.839554861872692,-14.054562144960315
47,0.06815099891502378,0.7268399129873432,1.5348570187337187,0.7024174476037814,-0.5493801703710054,0.45253857040578765,0.6761685026600615,0.3164996454621092,-0.6653000303868998,0.22227434695042847,0.7733106767822906,0.5937884403238887,86.87311071783576,-26.689552009223483,13.006395144940065,-24.66762104950317,-25.513075357295303,-9.951715724181168
48,0.5893519633605339,0.8340028761379538,0.6796265063083928,-0.5492159761100343,0.7654910962976558,-0.3352390088795088,0.7099763596033061,0.6390069514868126,0.2959791964918605,0.44078949668740897,-0.07545526781175327,-0.8944334084600806,58.43485921899698,22.97931969311986,22.791502609303635,39.438440754944125,40.79838755569859,1.392989903101469
49,0.5247059535463098,1.070496895075777,1.5724015083077032,-0.6237716664471868,0.5509994560052567,0.5543541355664361,0.48360498894989257,-0.2851114187287428,0.8275492091551159,0.6140318581315417,0.7842901748666719,-0.08862166104926941,65.68531560483726,13.350426133196555,-35.23920216910755,28.112854378134934,30.14487942291258,42.1283062552796
50,0.6791857397209085,0.3535812094211435,1.8845329167146332,0.01359824856136164,-0.9911990990020864,-0.13167928376747656,0.8914892048367398,0.07165861068862228,-0.4473388438015794,0.45283781345601076,-0.11130763519017309,0.8846177282039687,31.418158835272777,-7.497337381473631,-28.68898148251275,-32.478201272811,-38.06049570572931,29.202906041121103
51,0.28909562043237624,-1.4066523159391884,0.5044774821980335,0.7961009270692893,-0.45238125139842555,0.4019633283057209,-0.6046641823867385,-0.6216089210775264,0.4979794933281998,0.0245874044582858,-0.6394947635595056,-0.768402177848278,-77.67732432842297,55.88681172544107,-15.907863559960717,31.428921520746634,12.454735445094833,-1.8468797461316975
52,0.6384198785260793,-0.9225524476758932,0.9628296345689061,-0.6985752197439836,-0.3323009898733345,0.633694496180018,-0.5691344945777116,-0.2787217689200875,-0.7735632505566885,0.43368028481984017,-0.9010495145436012,0.005584165051548438,-53.85320934886727,12.87997227683832,21.252582867655796,-18.046138118659883,-35.81805857817021,39.4224454489199
53,-0.03802396070957052,0.0484853337687182,1.8833798808218483,0.5782177648020763,0.6055694380053058,0.5467630860082169,-0.8043621902835716,0.3108896864225178,0.5063092629197337,0.13662241144668105,-0.7325525637318093,0.666859099105986,-70.05054983217474,-49.85212869167783,-32.85350164544684,10.675925288354861,40.991265591262035,28.61845877644786
54,1.0790724156398537,0.6066567144910789,1.3077616814811293,-0.043107319159282106,0.9990240771115614,0.009625610956866006,0.48384746576286597,0.012446489910387031,0.8750638346793694,0.874090034784605,0.04237898347416775,-0.4839118027594948,32.521618642327866,16.075095093394136,-20.85311428549407,38.51721984960878,44.204291682607945,7.264897186498178
55,1.234571110431697,0.1298484790294883,1.441789063188053,0.10928853830743894,0.2976945554009164,0.9483849255862696,0.16191997058728289,-0.9466879704226783,0.2785028003126786,0.9807333676997214,0.12312529529565006,-0.15166483817524112,5.8384149706302475,14.334936874953291,-25.690757307368152,-3.787259529532191,20.121937753843717,10.624426098512894
56,0.18250330859093658,-0.9380903934368019,1.6522955258985244,0.3249455173269051,0.22642436216252745,0.9182278687713865,-0.9319156092717621,-0.08869887224860368,0.35166149527275004,0.16107050619151392,-0.969981710281755,0.1821860964895263,-78.68392467431659,-6.058810918657643,-17.922000493113764,7.916187233863237,13.602995437608223,34.25421732025236
57,0.16453204157809653,-1.1175387842664368,0.415916102876196,-0.8584925209069073,-0.09332612981307957,0.5042626548149441,-0.47876804955362423,0.4982216193424016,-0.7228806075324289,-0.18377090703787066,-0.8620124427837149,-0.4724011031025764,-78.84174228906352,49.01766385349147,21.18645402668182,-29.955823779086053,-44.039583235780796,44.535098791509256
58,0.17271065649928977,0.8748560706481716,1.7866962663223793,-0.7302484134278693,0.21129691108570625,0.6496852084292198,0.5990654850202722,-0.2591016530899269,0.7576192170368259,0.32841711183113714,0.9424542157217539,0.06262788456261333,80.55078145958005,-3.6673991895349425,-35.50324785278383,16.462347122057324,36.66898129396531,34.52033398885723
59,0.04065836105643755,0.6417922945830772,1.2874687410425778,0.24674403488800642,0.06419752487778566,0.9669519424701273,0.9688277794982404,0.006453214906574908,-0.2476511451414641,-0.022138539240321036,0.9979163461016839,-0.060604053192580394,84.78852755333278,-39.911915103973406,31.28822363015247,-28.37526282791382,13.716597707138336,4.066995275543534
60,0.16297060659432128,0.22744716842144655,1.7234424428907984,0.07508415474916952,-0.9047825759381307,0.4192026478737502,0.9288824828873293,-0.08943884903185674,-0.3594134461437511,0.36268402596567867,0.41637625119910165,0.8337212452293089,56.82994458501794,-50.806913733613605,4.1828722181295666,-23.410225945555194,-10.994704703347102,-17.906369846047294
61,0.09778822321485893,0.25863537278409604,2.079498762518326,-0.22051773832792307,-0.7761962486018857,0.590670221645799,0.9734681284144096,-0.21306757414440974,0.08343867094796736,0.06108788786727179,0.5933983421821939,0.8025874889701057,61.873114135982455,-21.691476377185257,-52.875863053717,-35.33115234113883,22.99022683545374,31.062318939479248
62,0.5264285642403735,-0.08605608884024399,2.0847772239179427,-0.5887958770725179,-0.7656228155194145,-0.2591160348155418,0.8005989295690743,-0.5965148012572333,-0.05666962020250236,-0.11117899583669952,-0.24081485883800458,0.9641822621514955,-5.043265825980663,-4.25779600517131,-55.58457014770014,-23.958151665720564,-37.93822838676997,-9.422992640273307
63,0.17730980314232014,0.6287547500274189,1.3110279911975253,0.3055077809400078,0.04446088432021578,0.9511510003940365,0.9433778391364617,-0.14971548639129123,-0.296012712160879,0.12924104770285824,0.9877289622665134,-0.08768265899585867,71.638697464275,-38.33215143802636,28.32119088286425,-36.32127546036179,18.554874685654287,-35.837174393290475
64,0.9357551522035211,0.8552581811875124,0.7649453925932813,0.5342640634220766,-0.25730620486339256,0.8052052083006724,0.39795980199983516,-0.7638243045791202,-0.5081342615160637,0.7457814066655076,0.5919171805861199,-0.3056863503642179,42.96291951697512,31.402072898216662,9.893006500836321,-10.720275503597872,-23.81394044843232,-15.313286226995665
65,-0.3435403097655752,0.5356468418722045,1.8246705837825534,-0.6688516986732065,0.3703627053382829,-0.6445687486036493,-0.6454839678941763,-0.7194453526941338,0.2564153499274243,-0.36876530798538565,0.5875626357941097,0.720265434853792,-57.208908451602156,-52.620573466648395,-58.956922025178415,1.2368684605581028,-22.34879598118694,-29.543856694425795
66,0.7542216996510154,-0.5063327579751179,1.665146893268076,-0.7687100129966865,-0.23551523122977938,0.5946574575143387,-0.17566265634882483,-0.8162439512520838,-0.5503530168981183,0.615002070795789,-0.5275209833771254,0.5860836672470254,-32.771879149194376,-9.238633355978799,-10.50793870179143,-21.534166639168625,-17.54631568930701,44.29785820986351
67,0.7157160984382511,0.8513457687234407,1.3310160289510553,-0.47468513896506304,0.5832637264701775,0.6591490303640298,0.5352508801224807,-0.4032067187195887,0.7422471537887446,0.6986991585609852,0.7051437919768595,-0.12079618562962528,50.714217573409655,2.191556304621847,-1.8152147016839568,39.52331959553659,8.521608792473545,-12.308855389895674
68,0.26194209027406934,1.4300883145445895,0.589402557066898,-0.14603470480271288,0.6617854544004612,0.7353324944113102,0.9780367127586062,-0.015161990022009623,0.2078805006606253,0.14872139553381103,0.7495399431668386,-0.6450362936362016,79.6968325985802,52.10895760530973,-15.312595021958723,11.765351847346725,3.4479401534290215,-7.677944227534191
69,0.318887889477957,-0.8669249933130444,1.2909301310998273,0.7028301157405471,0.17458481674112591,0.6896013124781569,-0.6369872638163611,-0.2770833011741209,0.7193553155056248,0.31666552408475857,-0.9448518328150287,-0.08353418391416967,-69.4621324699957,-13.863324688417205,16.520672470096326,43.15078178490368,2.928432079969117,-33.3451450003049
70,0.8252015466216177,0.49256355580388456,0.9017343263096487,0.38097720271194047,-0.08974062590058823,0.920218990825964,0.4509233461228397,-0.8508530032811553,-0.2696614594798821,0.8071706801756161,0.5176830950208912,-0.2836894537948568,30.488501404549762,1.5434998353022307,35.99163238284892,5.819627717012042,-21.14266627552727,-23.63793026097693
71,0.6267093760824595,0.3255731460794332,0.520120280094613,0.1005825871129597,0.950685386247734,-0.29339468220242293,0.9914385599245246,-0.12045123589367791,-0.050409142687318165,-0.0832629873620249,-0.2858125192266469,-0.9546614472098833,30.08758585650599,22.401842091263827,48.39660157309589,21.670337622634044,33.82607009253865,35.866809524013114
72,0.2599762937388107,0.44736759855647856,1.6342692126029048,-0.20265000249470977,-0.01446481316374729,0.9791443946982651,0.9562563907318694,-0.21833573348210628,0.194687500033487,0.21096609128803723,0.9757665072469789,0.05807780696340894,52.29563867770488,-37.82505997980765,-0.226686465183092,-40.146127856190176,41.81373571964041,16.155353578673715
73,0.9815519987910167,-0.7215956013336774,0.6343837555130166,0.7279896604836855,-0.33583516326552587,0.5977004244128206,-0.4832178573338605,-0.869789258005678,0.09983560993756208,0.4863451002966115,-0.3614988101949297,-0.7954791346384449,-36.29603493166246,34.81304263013657,10.121942057584771,1.4673393549332654,7.768516769224246,3.595453287834457
74,0.37268324068866177,0.5172562345578477,1.908049145116185,-0.6557636260453688,0.2326433576007434,0.7182277737041937,0.43458533626283014,-0.6615939165312261,0.6110884347737207,0.6173407910232019,0.7128608263701447,0.3327458338818409,55.78440211427423,-15.821002880225105,-35.93903187503607,11.695315090266416,32.74628436269701,10.833948148742884
75,0.2652470148328331,-0.5559976001508607,0.2609012932508703,-0.1205476303864595,-0.9900671506447325,-0.07235541460340103,-0.9857820546381877,0.11079375340253614,0.1263268972162746,-0.11705558321379952,0.08655507738543433,-0.989346354426638,-63.52310986159305,55.333657296505365,50.5047622807962,-24.494306916508272,-9.186209348787589,-9.259147216100537
76,0.09328374749881087,-0.14586776627736286,2.073635374985595,-0.9097878480398879,-0.3089350554706744,-0.2772096734608683,0.34060745366110085,-0.9373493047378015,-0.07323143736170387,-0.23721853652160266,-0.16104475281390399,0.9580145894096068,-42.64241556427536,-25.793778854385675,-45.610334209377385,-37.22181675993608,-27.483744665542474,-26.00699033332818
77,0.7835734254266088,0.3957092868825455,1.0253538322980014,0.003659463343777018,0.19533400070620863,0.9807299508509681,0.6180680308357142,-0.771419737455677,0.15133901652474474,0.7861160967610944,0.605604009920609,-0.1235526834236335,24.466386828020315,-11.581176346506705,37.82616838963455,35.48572467440902,-22.874247215194398,9.987938827685552
78,0.5631064898676419,-0.698003795067321,1.736659632609232,0.45670286994170445,0.49616429559825415,0.7384060403060764,-0.7233731514788208,-0.27603065987877456,0.632880998708673,0.5178356614859676,-0.8231816728890267,0.23284793559963946,-49.72116761683801,-7.318372619109316,-24.215246573036225,24.204038936375497,19.540976602413224,24.28995698233782
79,0.2402218569292962,1.3804018206837958,0.6222295191454558,-0.1616425051699598,0.4656009758618449,0.8701077127568042,0.9862798741718166,0.04626970061071042,0.1584649002429898,0.0335217888246586,0.8837843889104926,-0.4666920222074747,79.27857153430361,47.16932813712573,-5.969519438755703,30.306763858982425,-15.102252089158569,-7.9477107315716005
80,0.3638896120264161,0.47716603040652183,2.0595399751947383,-0.12700277056676668,-0.8594724563785173,0.4951539083911615,0.9408287025335456,-0.26250005070501436,-0.21432469729107304,0.3141841001028067,0.4386351788292207,0.8419545897113734,52.3865324713398,-7.24556220350205,-52.195450122613394,-27.450498041146272,2.3414268138824204,-3.8472379631452815
81,0.7766706209403643,-0.08083381538985929,1.9765169013276185,-0.8042770387912508,-0.46920816588088365,0.36466716597998505,0.3656679097034005,-0.8744838969429991,-0.3186924752806877,0.46842867619982714,-0.12296995998244128,0.8749016883373779,-4.994325256285964,-1.554568818999473,-44.63966926005842,-17.37876563400106,-15.879050543672747,5.185001850225362
82,0.10281139499136598,0.5808200147247082,0.9542864781424376,-0.40066146489572074,0.6821558716325382,0.6116647426040406,0.9119411341735244,0.23241837714263996,0.338149472524633,0.08850852134072236,0.6932857021197204,-0.7152070867143623,79.32610801288715,-40.11373624105303,51.10592238751547,-4.164321197736886,34.78934078260957,-36.29811224233271
83,0.20287594749389817,0.6701842710582299,1.624673403852165,-0.24060890950409228,0.07797335407391234,0.9674851465121911,0.9686227495522598,-0.044656366939108454,0.24449085451529645,0.062268143677740105,0.9959548006542586,-0.06478204486325138,69.37260086317954,-24.988507589391048,-5.8606189660935915,-28.236985916549447,38.201053404515356,-6.668589236180343
84,0.47868344551783,-0.23342738279313113,1.1306339201228652,-0.4713805752060906,-0.5854159698537968,0.6596123828116887,-0.2252600177608017,-0.6431921099847351,-0.7318209029891041,0.8526771239553566,-0.49355045526625024,0.17131745500590032,-24.319687825731165,-54.242438049895256,51.57310059729469,-38.15934117093873,-9.18263113853706,-31.95209734152263
85,-0.008829312385614099,0.05666717660621243,2.0411872520904883,-0.7888497345806958,0.4449997454742582,0.4239001330264135,-0.4123829663923456,-0.8946680269652882,0.17178303337491707,0.45569330177369866,-0.03929819402827216,0.8892689506919158,-37.87913722010046,-35.10668545895322,-52.44135523834551,-35.76232470732285,25.193564151082562,-20.1233906962932
86,0.7553510878098879,0.16310399031099143,1.7156346127106323,0.018842214898149814,0.9070054437725832,0.4206971546191291,-0.12652399380837182,-0.41522607346963186,0.9008767878582348,0.9917845783881251,-0.07020279821981011,0.1069341722444121,16.22403737828116,-16.558943994093607,-17.161087741537877,38.77793844904091,33.371249002514205,-43.80034645014556
87,1.287320427004252,0.2767589149632477,1.3681080404532473,-0.28083194328439426,-0.35779099077706067,0.8905723028198665,0.33695120582724075,-0.9056038741636464,-0.25757621782952506,0.8986641778343449,0.22774378151458669,0.3748806016037067,11.87203389452912,20.70062844961569,-20.510577222077586,5.740316983964571,-22.324755919363533,3.8155982126414054
88,0.4956648252141352,-0.8048466508012586,1.410513815040003,-0.20614518920124292,-0.2235252242044321,0.95264927182754,-0.7790648835693176,-0.5515892598663684,-0.29800536167860736,0.5920828220429212,-0.8036079657049389,-0.06043318043310545,-59.32362294202744,-11.635932728606056,4.861225089980118,-29.253088787977603,11.716907295123471,8.598606022596488
89,0.03235966468573544,0.23446578289607584,1.8980909093650302,-0.25210406192737,-0.6309492027286079,0.7337210951961616,0.9667404759297411,-0.1979697179720514,0.16192851189708438,0.043085892805633505,0.7501407163607375,0.6598731025727151,77.57160184266627,-40.266626899796655,-23.30137283015351,-17.85564799295937,22.91125135357753,-4.143260142907627
90,1.267841550813287,-0.9353347278452327,1.100229199812737,0.22000149518960965,-0.12975356120249765,0.9668316065735573,-0.543615991923223,-0.839261098291054,0.01106626498075096,0.809988268704965,-0.5280197176721372,-0.25517480735717224,-36.773590362691614,46.47410538440662,-46.23832242142446,-13.854685516496902,14.994676981860067,-3.86816518547237
91,1.1300394497699733,-0.061879011882126606,1.1145713290435102,0.5228440032680898,0.807397773924367,0.273391629185267,0.4169595256439495,-0.521969416596185,0.7441052896687477,0.7434910236320075,-0.27505774448325415,-0.6095607721781435,-1.042167637440426,8.194931511212431,3.619232753664118,30.52782824073837,30.98320413035421,-5.640782812819615
92,1.0783943266148248,-1.0432462149253698,1.3034634515020538,-0.35709314717548424,-0.12606406805279688,0.9255227360720469,-0.6244183414711014,-0.7046966299428151,-0.3369041326278413,0.6946842585482896,-0.698219528868406,0.17292562109760995,-43.924251646105574,37.92869510350642,-43.476518865056036,-15.26435879509358,-4.573039625427977,29.408859300823917
93,1.109381117953647,0.2767698976020443,1.5607148741814392,0.1913702777953437,0.9719814731251065,0.13648967974935283,0.1304375912418976,-0.16301119079267296,0.9779638983456221,0.9728121358040023,-0.16934983784433538,-0.1579784189519337,17.620077869835203,9.952845750627082,-31.02639249079972,44.59559003856121,40.48952815937147,-5.796666489031515
94,0.3961515377134817,-1.09545423390241,0.8301969907977184,-0.8637242768808444,-0.1460546761875771,0.48233640241060427,-0.5013116415575825,0.15092345009552624,-0.8520027877009001,0.051643117310095465,-0.9776963453828623,-0.20357515727487605,-67.59226127961243,22.037654708234278,19.34828545548013,-35.36414013856435,-34.15595513617981,15.49695718145425
95,0.18481944844540293,1.3135620669498191,0.6241167804882009,0.8149485383214662,-0.2418191512192673,0.5266710339398768,0.45361192227574215,-0.29944128169025863,-0.8393873615852226,0.3606869887548092,0.9229617635218094,-0.13433718479892245,83.75275294757658,44.99686037088135,4.64092175223704,-21.902170770213328,-43.78381054746908,-23.685695963363205
96,0.25147383455105177,-0.9521393508660464,0.5190705472819215,0.09672930918646644,-0.725553238105168,0.681333941191406,-0.9541588478452214,-0.26240054131270935,-0.14396822217932898,0.283239004769803,-0.6361748616488256,-0.71767486481213,-76.35598703917059,32.00472789582902,35.5356430921496,19.22813228964732,-22.34009000642765,4.119260565996663
97,0.04725989793282508,0.7316251513007711,1.7160940690234623,-0.589195258111094,-0.21938549832062545,0.7776367731441282,0.7981039551997375,-0.30811905061567396,0.5177767157204262,0.12601200146786246,0.9257065700179008,0.3566347174796038,87.32490868485216,-21.12245568992928,-10.413590784187555,24.339034387838666,11.571424651141308,-16.115903160354485
98,0.4555194446665703,-1.2053698882337822,0.8182452277263064,0.017288374459510716,-0.28211644329851643,0.9592243869549725,-0.8930796859911652,-0.43572096248981046,-0.11205318967738002,0.4495662204597555,-0.8547265967942896,-0.25948537175336567,-70.24038750951647,30.22263773948657,6.789322828582458,20.000236259160406,-23.090051001492725,17.51081620208186
99,0.6528918729166265,0.5002392942049385,1.2688502964128399,0.06257245639639004,-0.5466404523034373,0.8350262891705957,0.6422363098653067,-0.618370681274112,-0.4529351198915628,0.7639484341178504,0.5646254656372524,0.3123793744196314,37.68023498203849,-21.74053081763507,29.213381271891777,-2.6566056587381,-25.70340913962991,19.427529734654165
100,1.0654444291519183,-0.06841567791115721,0.6152774021273295,0.621305657810217,-0.3720308413957404,0.6896175263313651,-0.3050621843392887,-0.9255064729234165,-0.22444338320164223,0.7217453451593265,-0.07092828510005626,-0.688514949085065,-3.4411003936442643,27.63367754651271,28.048803923442332,-7.441762491063575,-12.249358376800167,-17.76300711712024
101,0.1318866895939612,-0.8400516403863967,0.9191693985622409,-0.6602768962961258,-0.08614257552260893,0.7460655982551981,-0.7322142735436092,-0.14708899379631415,-0.6650015680605517,0.16702298595271167,-0.985365051433386,0.03404464094568783,-81.23663950883069,-6.36686880538094,47.07923564134229,1.263805602390669,-42.67052278436166,26.52075315563335
102,-0.07182816103935197,-0.0868054869739729,1.9406561859083091,-0.5803651478933116,-0.8102050722545071,-0.08212207988016089,0.8002219936133649,-0.5860916674252318,0.12704848803572358,-0.15106639615820086,0.008018620067095989,0.9884910953994442,61.42958401262898,-47.9663141998986,-29.55362720109814,26.211533331115287,-18.002350939481943,9.540213723261907
103,0.44574539215636466,0.658459939415441,0.32726854720534126,0.7813719326964363,0.5740218630221491,0.24486078405252434,0.6034156448020604,-0.7950300897793574,-0.06177957553706996,0.1592088640822158,0.1960256542343579,-0.9675879704087078,56.16698169571316,45.68045521894539,43.55873884634482,-5.531387912681781,-13.870080098681404,41.831927410301645
104,0.4338844463057901,0.012244344145227739,1.5549213023802713,-0.2837339745470958,0.7414360151390644,0.6080852466080829,-0.3659041269978013,-0.669877879222688,0.6460478285499385,0.8863459829737397,-0.039195183158378576,0.4613616109772206,3.5903326488836447,-50.24041762923635,16.501919603140983,41.676485469425685,8.181347215485571,23.725109096730385
105,0.010092013789425968,-0.5459897375736767,2.0776306763353296,0.6590201806134636,0.6247721277559231,0.41875074916175903,-0.7509868903999501,0.5772239286546346,0.320673083740938,-0.041365347715342844,-0.5258063565304683,0.8495978951483714,-87.94282898696201,-8.672721853885847,-54.17605456663446,37.47716250287494,5.679443359708148,-37.396141786294805
106,0.35437831524588503,0.9749627678772442,0.528928320087904,-0.04362475849086177,0.7878301426554137,0.6143456248482319,0.9926027331742172,-0.03555783640752402,0.1160838247349281,0.11329913742693601,0.6148652751567341,-0.7804511508510613,69.02755006096461,32.909939518893545,29.468181469354867,32.01431496652201,-12.44877450419654,-20.08852453810459
107,0.6209480962703957,-0.5691351387665256,1.5029230465619492,-0.6879480115437819,0.11419534813496483,0.7167195796664764,-0.32500800901552884,-0.9314617274320159,-0.1635507395431975,0.6489201241206181,-0.3454540096651059,0.6779116459521717,-44.78560409083868,-16.74729092930433,10.779866576444336,19.424186886940635,-39.59310088172166,5.008175857736431
108,0.09287112388179283,0.4317028787456268,1.771614767044318,-0.1397629635135803,-0.7663607087160417,0.627022789192026,0.983835539261504,-0.17907386237010883,0.0004283711905268839,0.11195510580552892,0.6169471743610612,0.7790007948211447,77.32262838585967,-38.38559788591204,-2.7227460034921873,8.502613093436409,-10.194969734418008,20.002251253154427
109,0.7339330424862658,1.1716320316314779,1.368863718360449,0.5623324444364632,-0.47072913219809087,0.6798502085269551,0.6206188001685057,-0.30305960497636847,-0.7231785261669292,0.5464563356861336,0.8285945690937153,0.12172310075283083,58.1077195926914,26.06576804053995,-31.529466017973085,-44.46117557383072,-2.143573438253413,-17.80771813367222
110,0.7732606216881579,-1.2394297660245033,1.2714195378972284,0.955527221589819,0.09584340816374859,0.27889383268978557,-0.20121853670993214,-0.47947426633691764,0.8541753499165077,0.2155894925202866,-0.8723064077674952,-0.4388652431927295,-56.13766108019356,36.84383714336262,-47.29834738465678,27.699535449533695,41.33871658978889,-23.227826283458118
111,0.6706724277462692,0.22454683760274582,1.9920874409463698,-0.8555369084475615,-0.4554399561561557,0.24623371950337714,0.5040711468200216,-0.8412832095280608,0.19533264015446347,0.11819000477001841,0.29123359645247654,0.949322977215773,15.313517799132788,-3.5936934305230013,-43.20912482188887,26.05607732131316,-34.640200014246425,-4.991203472911338
112,0.3384995343381788,-0.4172708831678201,1.533404355679234,-0.4203013419901927,0.4753895262948702,0.7728852309433671,-0.7338148938300616,-0.6790935569387933,0.018645174104668153,0.5337251010720955,-0.5593181019896968,0.6342718480842616,-52.30335642335213,-42.81025939750535,20.038049678538627,15.621132815192327,-17.350624314514754,-35.70472071286695
113,0.11668095568808208,-1.31376888003336,0.7737149831660225,0.38678502662674646,-0.28807847311065243,0.8760183425634318,-0.8895604271808233,-0.3669418335666809,0.27209545599401946,0.24306293335516657,-0.8845136992206267,-0.39819081646846716,-86.18547340860337,34.03094546259572,2.829434965257714,39.791993399438645,-16.67842188285348,10.783769223547566
