,0,1,2,3,4,5,6,7,8,9,10,11,12,13,14,15,16,17
0,-0.3229210552751438,-0.17594077031351354,1.9081553296122231,0.14006724182412705,-0.8590073092295533,-0.4924303102551508,0.9066735804678892,-0.08858597217303864,0.4124264104245696,-0.3978997188354365,-0.5042409822935461,0.7664312399206601,20.314380218139828,-49.415758350896866,-42.36961925871461,-32.5678538974464,-38.451116178303025,-12.63761302983372
1,0.497453874541038,0.6703074108397431,0.30898737613060273,0.7220008382784538,0.6884453166984829,-0.06897706460219674,0.6862305464710894,-0.7252528921466831,-0.05564062834711556,-0.08833134559826432,-0.007161588426979774,-0.9960654019872404,52.7048154907059,47.823629847354354,35.31139375736344,-20.339696648086548,10.934174987074762,29.031880154402213
2,0.6946856314195199,-0.22908484067541926,1.0759084422931278,0.4984336129915882,-0.2097221839512332,0.8411780661660626,-0.1951236181569781,-0.972540354629684,-0.1268543742016744,0.8446837911771964,-0.10090522372748456,-0.5256685540785417,-20.79573636838239,-28.023945514477766,38.02069252413124,-28.76941221964162,25.28441177401136,24.727208042235517
3,1.3349761503567996,0.99371615693968,0.9260386855295236,0.16394194445622073,0.08438516784519581,0.9828541002079868,0.5983336819091509,-0.8006447121235574,-0.031062035374793382,0.7842957630517663,0.5931670830350619,-0.1817497390994648,36.61783829495866,58.95838921791319,-52.88444443869958,-6.164269061232767,4.423588217454187,23.567117024379176
4,0.6702506672855879,-0.08551399673477393,0.9352520641256292,0.0213425581352588,-0.4925010529681246,0.8700501181182217,-0.20252990974622173,-0.8543348858283134,-0.4786371679204509,0.9790434775179448,-0.16599583031513515,-0.11797988577532392,-6.559872705664376,-29.30891152783259,57.26209385028508,-8.371009908507355,-21.375522858762025,-7.20884558987972
5,0.5941130655982181,-0.8802603571675414,1.8757245063124708,-0.9947799309541772,-0.10147907631987804,0.010718490568485069,0.07712781448719101,-0.8165029113673921,-0.572166318443337,0.06681458825160702,-0.5683528770032198,0.82006756916667,-53.563457536096465,17.282051642104374,-56.304999648299294,-41.19752339602372,-25.52415052350141,-38.651055652988674
6,0.8672657688060954,0.30217521262795705,1.0357498060375747,0.5804413535657558,-0.07190167767625592,0.8111214359256529,0.2591492440362731,-0.9279941041512488,-0.2677099400021394,0.7719647041064647,0.3655914268795984,-0.5200128884998504,18.15635962438541,-8.912171203159662,28.887147647843232,-28.20180444929465,13.065779355869505,-39.30163840985848
7,-0.008872451162752553,-0.013434903457148244,2.104245498323923,-0.845053744880158,-0.5093386314016859,-0.16266015746297052,0.5153381837443866,-0.8569649899907917,0.006128809437328794,-0.14251569962308594,-0.0786458167478716,0.986663119240302,-4.228549876293696,-26.940313337913317,-57.770320117897604,-21.420938469271817,-14.094791647862172,34.48239075953627
8,0.6080299504986649,-0.816720329723475,1.2559685574702937,0.815433399646754,0.12839580671522152,0.5644314728631676,-0.4018687167645213,-0.5762314294089526,0.7116592402599381,0.41661721667086,-0.8071380653762172,-0.4182800953836592,-51.80701396144156,-4.417459578977903,7.062824481707247,24.49662047774268,24.45172362582305,24.668854372591014
9,1.1027257728989333,-1.1025959810583768,0.9105043982973008,0.5317463924319521,-0.2545973975090492,0.8077288773575101,-0.5404173540117383,-0.8363351889777909,0.09215495190403128,0.6520696723652741,-0.4855137658801261,-0.5823070715029504,-45.740658693104855,48.97910576424264,-38.76593570820129,-16.56988004803066,26.704988281204077,-9.395437561861034
10,1.3389666743437092,0.8708355435129315,0.9862821329352004,0.3799910579891605,-0.7001223089557786,0.6045126535902352,0.2399881639124625,-0.5565336633930591,-0.7954093051330404,0.8933154409446886,0.4473243051888981,-0.043456748118860716,33.74334177876686,50.02485466568159,-39.8183822425257,-43.07609173050174,-10.48178319197854,7.446986935228101
11,0.7980407174156329,0.3294112462765149,1.4862481723414769,0.005423497911129639,0.6933015811407908,0.7206271596728001,0.4754271211820876,-0.6357697421963386,0.6080837831681698,0.8797383918614218,0.33930775484105963,-0.33306247070151695,22.70868294454532,-15.544212869927778,-2.6089258009365306,2.497722260535802,37.64140461985977,3.6881732196006296
12,0.11574951258036068,-0.08110802564453459,2.0759478708727763,-0.88902402251817,0.2624047009042659,0.3752066901441859,-0.3030475800496506,-0.9515231849265224,-0.05259080502652029,0.343217790348436,-0.16045996849878047,0.9254480789853676,-42.18539042775907,-28.050717446305004,-49.64326222890777,-35.48765073214944,11.081933292140963,24.88731622078014
13,0.9910892506678384,-0.3048717468545194,1.010974269641394,0.561401701660455,-0.07541699669792762,0.8240997548730434,-0.2259939709437964,-0.9719572857330216,0.0650058444107287,0.7960872153663818,-0.22273596772762616,-0.5627022607122153,-17.31003105506614,2.2431694531561943,20.090300163979336,-6.68994885261536,12.000223509911669,-26.288005630830263
14,0.7478725556510281,-0.7859389741555908,0.35796448147792337,0.24482083388201065,-0.9521346116912132,0.18303671904003144,-0.932519194550642,-0.28291937246581783,-0.2244205437970634,0.2654632010127558,-0.11574242913975093,-0.9571483578865352,-47.39848454711461,48.88707286772347,17.29468167548912,-39.06744190307844,10.703966055709783,-36.66051222919104
15,0.20091365181432708,-0.44583120356615336,1.4544375209612763,0.2570689067198033,0.26777058673226,0.9285550549530956,-0.8778577622524592,-0.3370578076815866,0.34023195548623525,0.4040808414797589,-0.902602319497321,0.14841740594373062,-65.67492568320884,-49.646653312961675,21.536000494002348,0.6132151352407946,19.57640943817796,38.90401362580444
16,0.4599522780249571,0.4757734666075776,1.0971029582398772,0.2301075311659663,0.15674145220530358,0.9604595989739894,0.7265556629222896,-0.6842682974743615,-0.062400046050391976,0.6474313807472234,0.7121860811839215,-0.2713366783013911,45.44426569805474,-37.74580035867073,43.977258639503795,-13.052664622676966,9.772041151175696,19.232113014662406
17,1.2536106589075855,-0.11221977557835258,1.236403713467756,-0.10095808079773247,0.4361537613567408,0.8941908981733183,0.0587025569755486,-0.894605676730802,0.4429838518112779,0.9931573267746512,0.09721409165028994,0.06471433116735452,-6.635468232507072,15.541937187075991,-6.61590692104663,44.472336249741375,-17.556638539578227,31.98180360892128
18,0.4827246565985493,-0.6226593914498125,0.40949984531803546,0.5410490951456332,-0.8404817826679102,-0.029261743718776836,-0.8399516096335086,-0.5383238379500178,-0.06847436723943405,0.0417991640606549,0.0616264431728354,-0.9972236516377336,-53.02453601893517,36.132674711433204,42.62487881262757,-17.90754127694985,13.247079118402095,-37.523441229144176
19,0.5958504026233679,-0.08372820112849927,1.6928826556443872,-0.3905938188933309,-0.31370976100105713,0.865460949145011,0.0979488200344302,-0.9489687416151792,-0.2997738415725532,0.9153373680213142,-0.032318930829516056,0.40138882572120793,-9.883989253010434,-31.648484408819545,-2.4476430838222782,-35.409478468726725,12.487171517908484,12.65430065204804
20,0.9281877089593512,-0.13209446163154254,0.7439013349966148,-0.07669991400473779,-0.7918887521193599,0.6058294541028098,-0.4015593191671099,-0.5316270790797657,-0.745736389067319,0.9126156016536824,-0.3004743800325732,-0.2772145569091345,-6.160303894986244,12.52928606190396,42.81102695301255,-18.077022440938872,-40.326696783261,-1.962476567216788
21,0.19044070443827044,1.4066255255936129,1.4213834522231217,-0.6478894613702036,0.13509693635211156,0.7496586314007869,0.7248795658795293,-0.19306790712853533,0.6612672668500327,0.2340702048867657,0.9718403166288591,0.027157653782806237,83.01804671608781,31.16208786405427,-44.99682670447383,28.412560082408945,13.887117818282778,35.252738030847524
22,0.2505791462421367,1.0827154717936558,0.8948676575391683,0.5555490828217926,0.05800504126005091,0.8294580349627609,0.7845664936855191,-0.36692355603585264,-0.499822489502038,0.2753554676447797,0.9284409077665764,-0.24935285685891054,77.52556071030554,13.783951527403277,22.995278889138827,-10.225895352913929,-22.629451495923238,-0.5976121507363192
23,0.9758350608225992,0.8773663244617781,0.6037197854281279,0.5308846443260644,-0.3173887310247715,0.7857645244201811,0.5321882499904816,-0.5967151510443374,-0.6005886238401476,0.6594976580632085,0.7370179251094365,-0.14787635739537405,41.120236965652474,45.246599625572976,6.574189834858707,10.128868689136656,-43.70231985076235,29.10058328649738
24,0.24919919859607506,0.21448788642745514,1.9296663437927453,-0.7578419719332314,-0.32335564925076044,0.5666715712597292,0.4748167671744419,-0.8690198649337939,0.13911690034090896,0.4474646166864627,0.3744937895987993,0.8121144121154157,41.027480185500885,-34.344936189182704,-23.128631727499968,11.474967634942859,3.229953547048161,-42.49911663456255
25,0.42309579223822624,0.12522064411778822,1.7503148566094409,-0.5064575858355117,-0.02286851320392933,0.8619615680838137,0.2483118340966118,-0.9611687809768652,0.12039853621628405,0.8257372141288305,0.27501200988191193,0.4924697428507351,15.611837404917885,-39.40093072605537,-5.392790376138773,-9.210862997550793,15.451037447785176,11.526116159320981
26,-0.024722265098085897,-0.5509449076653216,1.8312807482447628,0.7098649730017126,-0.6060511108453773,-0.3588784907853383,0.697767113921078,0.6745442256329957,0.2410625279785964,0.09598320079851104,-0.42153545367888856,0.9017178530206698,85.29207756277674,-57.37633507550608,-47.61100197181166,-38.285053191645105,-12.136241020038721,-34.612130120856904
27,0.054823360895533316,1.060884535276333,0.9082191471051152,0.4328680982864377,0.1580667697749429,0.8874909046175055,0.9003936179915178,-0.12362360457243365,-0.4171433051993802,0.04377832986795674,0.9796591757776956,-0.19583502533647704,86.97352915009621,9.692736797197494,27.620118301609715,1.0456180367908814,-26.02274235375747,27.193938508430854
28,0.20071611882023627,-0.6497659147977217,0.7553263860599049,0.4412922799870127,-0.8507842386693516,0.2853546965719607,-0.7999303611563244,-0.5170644171930274,-0.3045583782678573,0.40666022786126543,-0.09386462435149208,-0.90874467886815,-77.87019852919423,-9.262711011279904,51.13714167392632,-34.08701577248602,42.39224668082095,-19.50035399375257
29,0.021192907552548226,-0.1159809911877014,1.9883527351379413,0.4145525586252983,0.7382571401549878,0.5320926339909221,-0.905428881398104,0.2759137086952124,0.3225990794844765,0.09134942182300172,-0.6155063122050269,0.7828200704940894,-70.15634410685095,-37.17655605131729,-38.05258780928959,17.49638912402563,24.151872670772647,-32.45812141046865
30,1.5226954622271378,0.012862086516618043,0.6276212220854344,0.4532042512243566,0.4320171794437265,0.779722427109582,0.2341965602411845,-0.9016880769678552,0.3634701955115558,0.8600917845459097,0.017882072572786713,-0.5098258071509661,0.4146605159506784,55.213971855787,-23.24125034256668,26.8739812859023,-1.4777160359514432,17.625733690766864
31,0.35456567331950645,0.8558401991255637,1.3258795936229926,0.5642843020822509,-0.6660888734769811,0.4877589968967394,0.6801436229586029,0.04018404751889861,-0.7319767035047937,0.4679614071398334,0.7447891345576714,0.4757113268280901,69.18468823038569,-11.373083531339864,19.173155131161852,-16.363052276290166,-37.82115371582522,18.09601485559901
32,1.0393916863715291,0.2028478099055513,1.0587194650980671,0.2855340908765444,-0.4092294519637296,0.8666034494466145,0.024160767164374302,-0.9008874672714922,-0.4333797741510153,0.9580639541686841,0.14468250398241553,-0.24734678644373795,11.45778618616593,2.290943949499715,20.232970247006214,-18.83618579455884,-8.642503065908567,-19.182674615702513
33,0.5539098658738608,-0.3469703113481601,0.9238480186047752,0.4485965753452559,0.23772697122242545,0.8615375788332859,-0.3201036851928917,-0.8572861366342366,0.4032296004271945,0.8344427741399876,-0.4566687717461717,-0.3084783454270408,-33.068936013665805,-32.7153131917028,56.905290940464866,34.100821059374994,-7.441973961722362,43.51452345302884
34,1.2346552103388428,-0.589315912546233,1.5233903747971058,-0.7497887754681913,-0.4223000686646601,0.5093912486367758,0.005373671999400794,-0.7737094417305401,-0.6335178161869316,0.6616554358812092,-0.4722672461465429,0.5823879569376479,-24.486364342455087,29.214948498225432,-43.28414129734791,-22.749465512366477,-23.71886924704941,-3.4314855665430297
35,1.2867975218870926,-0.4942824686991049,0.7601564448456563,0.4726657070441782,-0.0917410657413316,0.8764534820748171,-0.30771689043952233,-0.9491442293042209,0.06659990478016703,0.8257708185220995,-0.3011790312009469,-0.4768582037065116,-21.12187214457707,38.418433613421996,-4.663955957649022,10.261031716031974,-5.354933324048733,1.4511717888712774
36,0.4062693952303551,-0.05834260358028622,1.880239117857795,-0.4462615362896332,0.7256721865303519,0.5236893343621527,-0.6042593127778584,-0.6759889396083011,0.42179335752056973,0.6600919058355789,-0.12821400556687645,0.7401620394392368,-7.18813926421245,-33.57013362050443,-17.56911428768744,37.54224943504407,4.198398833762703,0.6374281579076573
37,0.07966947178762597,0.6772781215758109,1.7189527676318932,0.8586913025400752,-0.4181892496370581,-0.2962549551147177,0.19442677776449496,0.8006731533591414,-0.5666751534857026,0.4741808463341226,0.42899912934401535,0.7688382612695157,89.5535882186848,-21.907205114549257,-3.890394947690623,-43.055704561245356,-43.601677938643846,35.022572302443784
38,-0.025622207970966128,0.0122800292415453,1.92306045022575,-0.8652094331826016,-0.005882932021379883,0.5013761340976185,0.07295784748870747,-0.9907664570666408,0.11427589440223615,0.4960743787192157,0.13545190534816534,0.8576496907921648,5.012235131246482,-47.75874257833935,-30.26607940770177,-16.113607989866527,19.269551905724178,-1.4625633221951246
39,0.8739332254116402,0.09285276505033513,0.8209510947573748,0.2154344605430301,-0.6107559278129956,0.7619482855494988,-0.09126187412900266,-0.7894478934125599,-0.6069952997486334,0.9722444463924677,0.061230876424873966,-0.22581301165177825,6.587015649773773,1.4379935829784367,46.59387252303986,-5.062530129422476,-35.069314905981265,9.178313354140435
40,0.013471626246973609,-0.2526888755813345,1.8393954339299352,-0.40891983775008506,0.6991571935911784,0.586484258053148,-0.910564949733645,-0.3551839502257777,-0.2114611874992119,0.060465185115144524,-0.6205026834363568,0.781869798136027,-88.5486910962146,-44.63206822078207,-11.597152152028658,-28.526337259991173,5.374385412415261,5.1291727743766335
41,1.0867025254207752,0.2824814430214516,0.4020071163746223,0.6692588864811758,0.2875066304147177,0.6851514287612277,0.4476315593097375,-0.8920000959964592,-0.06294295712977292,0.5930586227144072,0.3488205358201871,-0.7256760322721207,12.896743798381026,47.42824875333918,19.93040649725429,32.49265016480168,-22.740260527884306,-15.380831390924172
42,0.5163498205190669,0.9517412103722924,0.7690483672701738,0.5221382545585114,0.08456682977334279,0.8486578193999498,0.7363469318704812,-0.5467603010813135,-0.398555352600364,0.43030784219151785,0.833007577674752,-0.34775499491009737,61.33466445071758,19.04106137549179,28.436707848852954,2.765920569990848,-27.149662341548023,-35.2930068014581
43,1.3693462877305458,0.3067057399518408,1.2634043934508503,-0.2447313512530354,-0.9693393220718683,0.02208719989301636,0.3925495758275968,-0.11988593344906885,-0.9118838706099692,0.8865728375217894,-0.21449625089100302,0.4098535862015443,15.486582937743124,30.81147340572488,-25.64138634668918,-42.731498527066314,-40.805279047132075,-19.868919764427474
44,0.4875901653784284,0.043569256321091945,1.7995923503712994,-0.5242638265425515,0.22600517140863846,0.8210171147275271,-0.06142831633873495,-0.97166301705573,0.22824886251183096,0.8493373900463523,0.06922892302143926,0.5232908885949974,5.275507199493509,-33.647620186866305,-11.604165349321278,2.2146146607136488,13.706904678017962,34.416681723895586
45,0.4480490346409503,-0.24682449757644045,1.4388348820422734,-0.05661316772601509,-0.011267551664731087,0.998332605657808,-0.3222182367582029,-0.9462225996397126,-0.02895168097881062,0.9449710879918288,-0.32332001826448475,0.04993804810955746,-33.233236413834106,-47.685884352386424,21.260419309744893,-32.66917562308578,27.285284207865853,18.08575551288001
46,-0.012996625441774356,-0.06118830360554181,1.97551487065802,0.628370790281177,0.6507947017496326,0.4261647640244507,-0.7769754427008341,0.5519564453325698,0.3027428676214796,-0.038200934036379884,-0.521354331170693,0.8524848092536943,-71.81127532120138,-40.70461290438805,-35.37638403287541,37.00034099083057,19.31228310623343,20.82791127064455
47,-0.06992303620161014,-0.02778874748137773,1.8544721820313124,-0.651936417725136,-0.4622791530772582,0.6010631346821147,0.7166985248024884,-0.6345263684719942,0.28934324298258624,0.2476330587576181,0.6194144592628719,0.7449856346711862,49.047363708045744,-53.669362623414976,-25.88790782987546,-24.31287312015868,32.12852853503046,-26.61227100896909
48,0.2917090331885017,-0.43639339472670335,1.1870122228223032,0.5272586420884351,-0.04482914821719463,0.8485214621995016,-0.589626481509991,-0.7383530948331992,0.3273764189009113,0.6118324416416702,-0.6729227703238742,-0.4157355030959405,-59.421133368911036,-51.1251088097826,38.10770411415428,-16.93469811445346,39.2798349747393,-11.34895608101203
49,0.41215207781065577,-0.3808988141397113,2.091364711604676,-0.2338812094516692,0.8612782715846756,0.4511089876754156,-0.9079794160147592,-0.3593956746577532,0.21542546073014546,0.3476678874427741,-0.35921370788628354,0.8660788371203088,-42.22069887541181,-5.866625671892081,-58.30826755384652,24.296918903041945,4.51509549412151,14.797349843936734
50,1.0954601027758244,0.4852088617529438,1.1067092092137272,-0.03238676016529224,0.5127876851881122,0.8579043581224036,0.4864548383918407,-0.7417400027406652,0.461717942622383,0.8731052559520897,0.4322852741578129,-0.2254254949537441,23.52871971691169,12.228165767912216,4.893186115471607,33.932362563308395,-4.911640253837865,6.390471424209872
51,0.8528894234983534,-1.3282818041570792,0.6568931741829148,-0.029442429228312732,-0.6714928907535778,0.7404258511346963,-0.848482051569645,-0.3747944556678174,-0.3736406350557055,0.5284045339749671,-0.6392389331604171,-0.5587148063248634,-57.9157845984245,58.72151417869952,-33.746945488680915,-34.17610799381297,11.101242052630754,14.762777711149266
52,0.5035274157264606,-1.289961501909325,1.3936730979916712,-0.4530917627584326,-0.0741592182870318,0.8883739442731944,-0.8098824222094227,-0.3822242950767353,-0.44496634754697023,0.3725564611124797,-0.9210890285939516,0.11312243228995868,-68.76656102947318,26.575527437395372,-34.52362188543578,-28.354403689923476,1.6500091150291138,20.41158878660169
53,1.0636855184219265,0.2725632282018505,1.1231867036348904,0.37233092216997177,-0.4529672648343611,0.8100557643672046,0.0675914866478205,-0.8572588851040679,-0.5104298138264142,0.9256354980924164,0.2448016766662517,-0.28856726039624797,14.301951951257195,3.6077152825207484,12.409638507469277,-32.97174437781445,0.9004931405094421,-9.747859671284518
54,0.18606511992053434,-0.6285153773930738,0.9606278651874816,0.33198010447631543,-0.2681861452735389,0.9043591110367688,-0.9070882499535264,-0.35380640049721324,0.2280612587956453,0.2588051719501437,-0.896045323881848,-0.3607251869794105,-73.39884163237708,-34.54557805422041,53.48645073962171,11.733909905593336,2.251578738259824,6.080613216781358
55,0.024469165895318726,-0.03220652631607962,1.754837535579766,-0.6499402876205953,0.6736717558397435,0.3517726366724036,-0.7293075395866471,-0.6830516179013688,-0.03938273713689402,0.2137478309357292,-0.2821468636474974,0.9352566557390284,-53.0605690522541,-60.00794546177978,-2.096748044533568,0.5882307063867297,-7.165453413036662,-5.82219362813513
56,0.35999985361186604,0.0030820995727631265,1.947392706739566,-0.8492572521673735,-0.4927683437997304,0.18958238048403395,0.4738384183583768,-0.8697297916690169,-0.13801174867017796,0.23289326509960334,-0.027376063125278842,0.9721169056440724,1.3129382224589699,-30.372938909865088,-22.208576878247815,-4.602470622732914,-24.053048496282788,36.335238306076604
57,0.3211898203188095,1.0821544642870051,1.3919420811684902,-0.16819480876824888,-0.3545582250943914,0.9197820238085364,0.9850775093485156,-0.09501184911513133,0.14350975264228072,0.036507627684324605,0.9301941805588972,0.3652478330876507,71.36162250098934,4.824955261899409,-3.2549080224045905,33.99154997434176,-28.02598069836875,14.996943946107676
58,0.5461620078518132,-0.6460420199033156,0.7980954518231718,0.9371390786561474,0.11064157053831099,0.3309513410220949,-0.10449234451173256,-0.8159113526335606,0.5686563237862698,0.3329439850694835,-0.5674919448877574,-0.7530612161660977,-48.42413232890409,-1.99626331123988,42.76423110220409,40.588766363009675,11.303459265973794,-34.20518632160589
59,0.33490807426040203,-0.04686631739563527,1.7920265191116598,0.13018585465975335,0.8590343856869695,0.4950874341506968,-0.4393008674685169,-0.3976729006870751,0.8055253018375874,0.8888567888517914,-0.32236033916494544,0.3256031643666002,1.1979613636837745,-40.928448977108225,-14.519865676564045,32.18082289947934,39.79371503904242,-41.06026246290185
60,0.989944174662574,0.5395252286821963,1.5389313216010312,-0.2007265941120051,-0.037808775961048174,0.9789174280175637,0.4661568570385054,-0.8825620531745014,0.061498023808825825,0.8616302101552479,0.4686733604086493,0.19477849519669124,28.59815669221765,5.132548815353358,-18.586333240867955,1.3837932204137893,2.2226428031267704,-36.91537367880481
61,0.4194537987799792,-0.43686635534317775,1.9317991129423668,0.11144429768591146,0.8540646496564839,0.5080883217713642,-0.8776443652199609,-0.15525229900709275,0.453472261390555,0.4661765081071176,-0.4964577503274168,0.7322630438776047,-46.02731590898021,-18.262790762991248,-29.411912752994766,41.52340219070657,0.7955637407896649,-36.773645141545636
62,-0.05219459053335301,-0.016466837017164337,1.9090331488272991,-0.662849964331526,-0.696802874217782,-0.2740359087191544,0.6931758992892818,-0.7094458814546071,0.12725452420873415,-0.283084965037337,-0.10560443063117064,0.9532631361806014,-1.6773283168800794,-47.82610407738276,-21.50527943695439,-10.773075232883274,-37.521556067045225,-16.32800410563694
63,-0.2229741128494062,-0.6461391406860175,1.7854078665356805,0.6931285435150192,-0.5168864821070135,-0.5023954486057614,0.7204660838479042,0.4751410667880283,0.5051431368200492,-0.022392949551425533,-0.7120880080906927,0.7017330151445184,67.64682933988983,-54.878669147762054,-59.89839045310693,-38.752567847052994,-23.55059827246972,41.10159771104087
64,0.2854973719648469,1.0040229795830655,0.8674001034550379,-0.3698871307749412,0.867250818809218,0.3332559493269738,0.9210663142977048,0.29529523183646444,0.25384556470557074,0.12173888102460476,0.4008450365532668,-0.908021421287784,74.19580776040071,11.442455926816548,18.125691307079393,0.7827655482137891,35.6716699358746,29.415896632407303
65,1.0268345430271226,0.5782799255558996,1.4972645472874313,-0.2941812084665342,-0.389923031248802,0.8725923712060033,0.6053346593840876,-0.7825404668718556,-0.14560346100395033,0.7396129844273424,0.4853766036900874,0.4662426255253329,28.8641247493184,9.619938879493656,-16.319165496429964,10.697975781038387,-21.502005857107548,-31.435471000676237
66,0.5708895693669636,-0.4506947249834039,1.4035913648642078,0.5097497059151103,0.23647311155576745,0.8271854113985523,-0.3897645470637909,-0.7936728582107226,0.4670834957390168,0.7669672973286518,-0.5605032218022977,-0.3124056708474219,-38.843316281149185,-28.7838632863823,13.024482260373466,-4.554536981726579,34.06635585620127,-8.587849833392715
67,0.3474076304753101,0.7345740995785476,0.4644788695083243,-0.5209850500097473,0.8106636912481564,-0.2672058333162937,0.8374007259265104,0.5460642223862098,0.02395598562985046,0.16533179332510345,-0.211277648419462,-0.9633416597418838,67.29731621857827,31.942694680657453,39.548985061564935,28.55415354459352,29.31990896454491,-2.9060803894944147
68,-0.5343005191468121,0.11621671485536388,1.8401715918833157,-0.9910738072215696,0.1210149340991031,-0.0559293694254919,-0.12704161925193158,-0.9844827024816832,0.1210546797617054,-0.04041207266635388,0.1270794800089752,0.9910689532739172,-10.320976070394376,-55.986981860054094,-54.357866773287675,-22.387553806502343,18.013886834738823,40.47922793377297
69,0.019027641527805474,0.11877208358871895,1.9763265303872213,0.2667095929449801,0.9515404274890612,-0.15309084846932455,-0.941136505065886,0.291365091464925,0.17137229154097572,0.2076729926193878,0.09837275196704916,0.9732392972989412,-82.39401415375195,-44.289191128742345,-36.2018617468153,43.59926831514125,-18.504370219864303,-10.957199220010963
70,0.6686735014954572,-0.35511169307417056,0.7607353860331924,-0.12867895260575515,-0.7605224037332353,0.6364333433880627,-0.7158743346777284,-0.3728812138163855,-0.5903249421568926,0.6862693815886043,-0.5315686915184537,-0.4964565057397815,-25.824186157770725,-5.8605711764961965,55.73044390529461,-28.594080771934852,-22.03226390766213,-5.87487979699375
71,0.8744148265955981,-0.047029392874555605,1.449806935561015,-0.5545288263329924,-0.4149667261877871,0.7213185128102176,0.39448980057046495,-0.8942981166171814,-0.21120766051646173,0.7327179389175815,0.16743206016755652,0.65961422605673,-5.532505544586882,-14.27777809707965,13.286417767654052,20.13596652745166,-43.5753780370232,34.092551466988574
72,0.9355816379405699,-0.07943887300282174,1.1736496853728764,0.6190243060104564,0.260764851220602,0.7408175220229136,0.3382509037466153,-0.9398221814153128,0.04817253817644397,0.7087984443287604,0.22076222432214315,-0.6699767202145676,-7.9024941281044425,-8.028054403523765,13.924517602575278,-27.88472132886003,42.52446687783181,-28.819973560436644
73,0.44348715393281213,0.3631500903625419,1.190146042957252,-0.30416093062819194,0.5584788066747011,0.7717431896522277,0.4935359994677094,-0.6005436856950966,0.6291021370184321,0.8148057102823969,0.5722313378931208,-0.0929674697098272,40.90981589284723,-48.44739321714604,41.694310907273504,25.843596431125412,13.414942066587233,-21.280689776844586
74,0.17258337492263345,0.7341459186232046,1.902455881630505,0.4621528751172893,-0.8392949178728467,0.2863542576139471,0.8641966598419741,0.3538060064066808,-0.3577505317236175,0.19894434683800027,0.4128018297723101,0.8888283277426716,78.08475208335518,-8.670380428928189,-29.579525221213608,-14.5198180248519,-25.87872508015416,-26.731353552957177
75,0.9552405268102442,-0.3281514252060997,0.5070222345783398,0.4463199056355016,-0.5650668264406336,0.6939005861719876,-0.4933324758102097,-0.802311127372362,-0.33603559812236905,0.7466067305780774,-0.19234431769823734,-0.6368532431453213,-19.57693202163679,34.839209925710236,34.15406555617282,8.032055432925372,-29.564529910095892,-6.617853646218312
76,-0.011158615894626665,0.03922850815964336,1.863559544487564,-0.7966449822720174,0.6044332956690684,0.004142862228639792,-0.5983731098890521,-0.7895898376152589,0.1360055502412067,0.08547744487595171,0.105869161805209,0.9906994130391624,-42.37440801304739,-52.914270724073496,-15.262069339804624,19.86534681070641,-23.559167682440663,35.65618484719364
77,0.5815956933627053,-0.29188586255830445,1.2719698858643964,0.1196039763763394,0.2395501911528881,0.9634887621314444,-0.4445196461113999,-0.8548279885440857,0.2677151363346276,0.8877483726011351,-0.4603094784167357,0.00424393964953945,-26.40813736068841,-39.588277131616586,33.39669866564458,9.553227831853057,6.031421697584452,25.42159863520413
78,0.4221916232572007,0.7930612543245594,0.6134537466044564,0.09118229878903013,0.7355222632216284,0.6713365688631013,0.9773719255604548,-0.19530831915555408,0.0812328726248232,0.19086620317331346,0.6487385149457104,-0.7366874722107317,60.41620118811427,18.54612555105305,43.138722765056,33.833470426651715,-16.088458029798662,25.90513715516018
79,0.30899467610466896,-0.3101614752944463,1.3194381088721712,-0.49695053987168103,0.5028103961349281,0.7072636470651391,-0.4982461116230018,-0.8326234916345167,0.24184485405090836,0.7104864341940696,-0.23220643125672186,0.6642960184354663,-54.268560329839325,-57.12354772461754,42.39370123683229,42.05222822137034,-41.19385705308422,21.956520254289885
80,-0.05620663004657693,-0.03898619188702323,1.8363891596044304,-0.8467395860427671,-0.5279668610439242,0.06544514548497038,0.5294589045912564,-0.8242558602703671,0.200687680635818,-0.05201290010324475,0.2045807186647434,0.9774668218274556,56.06110615322155,-56.5688116281427,-14.122625145621052,39.570162303238455,-14.302488986135854,-11.67570855417023
81,0.9392258869835358,0.4316703714747868,1.2092377403570442,-0.24183227365461574,0.2301607146497609,0.9426256928659172,0.5565825299378558,-0.7628483158098346,0.3290567343697355,0.7948163553846982,0.6042255311537326,0.056377909813817816,22.45069448556563,-2.672670633565205,15.954829763796349,42.65685076883,-22.09703610226201,-0.06135460766574756
82,0.5146278510166721,-0.2304907939622833,0.5870108247264209,0.8532720799913871,0.4511717953414946,-0.2614780461061776,0.4375937595785441,-0.8922293248252084,-0.1115281735700358,-0.2836167468346804,-0.01925728460310924,-0.9587443339622028,-22.124912205090684,6.130413753385308,59.984106255576364,11.336163039302102,39.35897003388371,22.540541794359907
83,0.16155242437581627,-0.8005658338868872,0.8631911413157448,-0.510212426928073,-0.2963158299177819,0.8073909885230959,-0.8492039275628951,0.02495975124203789,-0.5274748337406144,0.13614686489199465,-0.954763813598982,-0.2643673418219603,-77.83637788130856,-8.292303315574971,49.67527164335207,-8.842832935606044,-26.28812983773441,-28.13928358715989
84,0.6331852855455916,0.0004630747586984661,0.4675065956679575,0.9255814178864732,0.17877456678278872,-0.333674531744471,0.06877432777379826,-0.9462034399816472,-0.3161789714800141,-0.372248748423051,0.2697011391123953,-0.8880834222408098,-3.4855754810989783,28.996979708412532,52.10406606871269,-25.340675260265375,35.17669741986624,1.4820703160718658
85,0.4618618110958824,1.5683907575144076,0.8590700036194565,-0.2334383041688979,0.2248566763742504,0.9460158736705608,0.9393180766817592,-0.19936125207746525,0.2791713487967312,0.2513724506894698,0.953779097202298,-0.16467338817896196,73.4181096637897,56.817113469752464,-42.817381935890666,21.67015976644955,-4.85870221451081,-12.490941336926738
86,0.4753206202319378,0.159325429948881,2.0773326848026272,-0.6952841220015877,-0.09430220415720544,0.7125216375546599,0.33456423732508983,-0.9198662896679112,0.20472611029292587,0.6361185115963552,0.380727072091916,0.6711185705825422,14.820066975980295,-9.490620362210082,-59.534328295314076,-25.794068754904018,28.15934560624243,-27.52915402502203
87,0.4558785401110204,0.08418574155341063,1.5209527681768258,-0.5919151305036948,-0.05670137088473165,0.8040033786126686,0.16894119189485526,-0.9840918169439282,0.05497426220645165,0.7880960296575156,0.16836938665859094,0.5920780334333222,9.85836537154556,-49.51290605603201,21.86581434219471,11.59825770743316,-8.855740371686155,44.051525894254844
88,0.025217922052871232,-0.6711035198177877,0.4687726058424317,0.25414321153882585,-0.9348840817457752,0.24779625042984416,-0.9654879841664556,-0.26032238962136306,0.008075016533563635,0.056957707634048164,-0.24129651294658544,-0.9687785156478712,-88.532250237212,25.77549727684945,57.58290187846713,21.478390310796577,-7.9684157856858775,-12.178691821550656
89,0.07586907157444407,-1.0136346101706326,1.5421401515863795,-0.028474309475907168,0.5921475963342463,0.8053262927878642,-0.9291010514030787,-0.3128657099962141,0.1971960541954588,0.3687281518701328,-0.7426144838771591,0.5590735893907858,-88.87442986042616,-2.2017769154763207,-6.322109648702918,38.711174111716396,-34.48241628279038,44.47729206746796
90,0.6758208250434666,-0.6508655937952549,1.4776357961442848,0.4867138977463995,0.386419170361177,0.7834473859283002,-0.5771784634619268,-0.5309492508523092,0.6204497677774574,0.655724487156181,-0.7541704832441742,-0.03538755638656153,-42.898409822191,-11.345055817024253,-0.8485077960984705,23.46495477147781,15.457199129417596,42.56812928244509
91,0.3254682177827256,0.16751013200851553,1.4864278068191727,-0.24875864949515716,-0.7428992291827512,0.6214659037960326,0.6747079387447615,-0.5932567216032599,-0.4391077995974875,0.6949016705233487,0.31007611573971033,0.6488177484869176,28.78989191055225,-58.75547857966792,26.638585462786164,-23.26191804152841,-9.166670250693734,30.8283782635913
92,0.5192099289856305,1.1291575128198292,1.4251514277337711,-0.3276624769525523,-0.12111292991455418,0.9369999783376894,0.8795287541275155,-0.4013104391000796,0.2556933752215758,0.3450600989106367,0.9078995482303168,0.23801667685892944,64.75952464023531,13.763212919491412,-18.220485282198588,24.84547547199797,-10.28634084038955,-1.4119836082811072
93,-0.0720705688735416,-0.4627716968140493,1.9278469612484732,0.6870978175043692,-0.6226457419310599,-0.3744447479079559,0.7226065960253945,0.6393379376030754,0.2628435065243924,0.07573834274213434,-0.4511754443634604,0.8892156216813271,77.88462244941458,-47.18829724747278,-56.7654020788959,-40.40220118992917,-15.090732969516687,4.424596535045303
94,0.3713056437794949,-0.33101688025284864,2.089680923575735,-0.9175953906891988,0.0997205232650582,0.3848045168987487,-0.2007218054143369,-0.9517844364309256,-0.2319852223721901,0.3431172624878344,-0.29010722812023904,0.893369095265359,-41.96685417849569,-10.355920407377226,-54.1189883105168,-34.063287225624144,1.4055357093730976,12.127728950413179
95,0.28051956848944665,-1.4432743274795397,0.6147421271144199,0.1834928038820327,-0.3595429672224406,0.9149094193658698,-0.9459969955571408,-0.3176098622683493,0.06491270897707964,0.2672453466767433,-0.8774125769048238,-0.3984056909343339,-79.64895203370601,52.350682354448004,-14.331267370540335,23.049911811462547,-15.592811751774116,15.790616433509214
96,0.5220160729412945,0.5012616871731276,1.5839467473002178,-0.3692437854900997,0.6803568071533536,0.6330668541607875,0.5502189054306593,-0.3889352538179878,0.7389103629292423,0.7489447129018459,0.6211634111066361,-0.23073325230390976,44.959880205641,-23.945896756399573,-4.966958876696841,7.618937630092058,42.56108439579208,35.96815780373452
97,0.952969542484228,0.4199085452839947,0.5853052978761326,0.623177182884827,-0.2370417989529642,0.7452928178111428,0.15538866826329614,-0.8964347283961704,-0.4150411298903319,0.7664884607788235,0.3744542205322655,-0.5218040592200135,23.444360351713403,30.042331300658873,32.75516290507036,4.2488906246511515,-31.38809193432548,9.433831453611052
98,1.3970521081389964,0.680786467750929,0.9735128800482366,-0.030688197514276924,0.19570131307038569,0.9801832637807338,0.4979534788047098,-0.847293581995973,0.18475908328068952,0.8666605837809933,0.4937555893060455,-0.07144823685317657,25.56392909758208,45.78251859531993,-31.576931412551197,22.21999849503005,-10.889266877263449,-22.582283948053004
99,0.9661830090389628,-0.9012509342749164,0.9161809148291312,0.597385552910727,-0.3969355904168311,0.6968304228677065,-0.5275295326727978,-0.8489581786765004,-0.031346499267045434,0.6040224278382091,-0.3488726815311296,-0.716550597480537,-44.17848803033157,28.92553931155715,-7.8644388785218275,-21.857418188516053,27.29732458803901,20.014135069001373
100,0.3998338822774747,-0.4354870813494988,1.7761561754281758,-0.846299980522999,0.052343213607193635,0.5301287871414296,-0.3313770990553868,-0.8309069215095682,-0.4469708111377392,0.4170917898837232,-0.5539439283688954,0.720541853770361,-46.178738352095614,-28.379304978253263,-7.116679584284022,-23.851769962853943,-11.790053598274564,29.537138222169517
101,1.102698383372739,0.7399122815171475,1.6072536040592085,-0.6310228945150307,-0.3804841043420549,0.6760487800010416,0.6827450017498295,-0.6861538697265938,0.25110183122559226,0.3683332311691381,0.6200199298427792,0.6927524214423629,31.57481887744033,29.77230977317288,-50.08216410087331,38.07601658403792,-32.942911637364354,0.3294706104319541
102,0.15305934545658226,0.5009714338014674,1.4002211543244585,0.4420149764814398,-0.4630115533349639,0.7682727784091118,0.8497447764938513,-0.058211259772371474,-0.5239706709894439,0.2873266005568002,0.8844386641899241,0.36771140028345,73.40373421149354,-49.216679015785154,29.780531862799307,-31.29460999547211,-2.5089122500922443,34.703131641853396
103,0.1985705334454542,-1.2309381975509095,1.5681879557649605,0.4241888546382808,-0.05582505051187369,0.9038514144127952,-0.8503065171317111,-0.3678986378975674,0.376336842677479,0.3115166809723077,-0.9281886424474614,-0.2035269061022059,-82.15734690189406,19.592863159247333,-44.74047803854943,-17.056220689466645,38.34018002933364,3.6055112334604194
104,0.27733814313352223,0.13104638179558614,1.5634327014844691,-0.4269322101592997,0.2378165561147964,0.8724518173321627,0.30275576707573104,-0.8715279300603789,0.38571752958228,0.8520961409552805,0.4288150565947624,0.3000830115263933,23.918315996170875,-57.63583515169646,12.240818837378258,-5.681419004187948,28.02976560005673,-20.19530467348687
105,0.35503686336735873,-0.3190273287861516,1.18474779378588,0.5387782439921174,0.4077907627353408,0.7371734515217565,-0.5007029653213332,-0.5487118553349702,0.6694862510412581,0.6775061212411253,-0.7298095598459804,-0.09145196574279868,-39.40212443844098,-59.36250934639136,43.985257069754475,20.94085935244544,21.998619259807445,30.917466507094854
106,0.6562207000134961,-1.0067404875373709,1.1014709990900755,-0.436290524845586,-0.4429513069631005,0.7832271175014591,-0.7551636728314518,-0.29304573071351764,-0.5863889723948538,0.4892631246739072,-0.8473006192434074,-0.20664766019498795,-56.4462155277325,12.683212817773411,5.069198303285022,-30.971224750700422,-6.760993793786319,27.8905901969832
107,0.4507924774555521,0.4184576620753939,1.7369056262713,-0.3107129836048722,-0.8058338557329159,0.5040726522774077,0.8848087342683747,-0.4389491750609253,-0.15632378410123604,0.3472332725729997,0.3974360560743767,0.8493960417557229,41.93328817579803,-27.49615561222477,-1.4735554480499884,7.407027530687619,-29.569628341203195,-41.068074376622796
108,0.1925755054686919,-1.099165813795082,0.5830055597879913,-0.6854880623382786,-0.3104262317585857,0.6585906703164546,-0.720295688871845,0.15718800442322992,-0.6756227141371706,0.10620846004130917,-0.9375113257457788,-0.33134917702334216,-79.52738301306553,35.538514170858065,26.717463533296986,-5.551212437960771,-42.995679222785604,-33.26352178992033
109,0.6483832468916678,0.33291815076754394,0.26149191073216194,0.8188893560497031,0.32904419960951065,-0.4702660281711183,0.2258448405047093,-0.937980835395502,-0.2630324323123639,-0.5276498181236349,0.10918730298936943,-0.8424154570637951,23.334626611810087,55.077693341292935,36.685604285125635,-36.686138222300784,31.174601814910478,23.8758557624198
110,0.7973207592378979,-0.4271682823093543,1.5998721595218557,-0.847119616650165,-0.4956078672647419,0.19173209692634005,0.2862221735561489,-0.7295348350791123,-0.621172916160135,0.4477334278912747,-0.4713297850883034,0.7598572308252007,-25.893007738918193,-9.214411594832194,-2.286714871278828,-20.133606137093672,-41.59144134159885,-23.954715485136145
111,0.6873690697626319,-1.3309852498562202,0.8839489048504029,-0.6180110052200462,-0.4728033402896065,0.6281077923715791,-0.6891858450257341,-0.058591835230910175,-0.7222117887852832,0.37826613441209994,-0.8792178332218157,-0.2896389706197401,-62.23399356802139,42.90668697702608,-21.60806767306972,-44.29912866797161,-6.1550351215992825,-37.86231412052247
112,1.2050599560567794,0.17428975730287785,0.5074700420147075,0.1654095556899929,-0.8627698034614252,0.4777739477216949,-0.5801071218334919,-0.4768926571910098,-0.6603401553103978,0.7975684334804766,-0.16793349800570384,-0.5793815100286399,10.54281992516849,44.248382637591384,12.936902759650572,-44.25922438101196,-26.465680820665174,-22.780625577859393
