,0,1,2,3,4,5,6,7,8,9,10,11
1,-0.00616899266097331,1.0092034034791229,0.9922376041667431,0.13224737311354523,0.4168397328368302,0.8993082171497638,0.9912115693228734,-0.0526826813296586,-0.12134314949103724,-0.0032026777941790764,0.9074520219914868,-0.42014351195574706
2,0.3014625172966855,-1.1142771452138107,1.735543483002357,0.5340168696389012,0.40530365860531503,0.7419938862701061,-0.8281970259803809,0.07425720200976063,0.5554957732574874,0.17004607933828156,-0.911161243837131,0.3753258832412854
3,0.45586115075462436,0.8845143973807649,0.665549302802317,0.6590867050792228,0.5780940850186483,0.48105295348253013,0.7292153534726342,-0.6477082431051024,-0.220723809484801,0.18398283465474366,0.4962673278386895,-0.8484509743481069
4,0.5239884367624653,-0.8159209374671227,0.7111707254974642,0.08091542663187586,-0.5717390411190126,0.8164356451021069,-0.865018882315506,-0.4472218802291589,-0.22745312282298638,0.4951717146310098,-0.6878277827367894,-0.5307522155627595
5,0.9613363786716771,-0.11759387777251898,1.3849399950192662,0.04969353228495247,-0.5005023722547601,0.8643077740113194,-0.049486697529522575,-0.8655479014812179,-0.4983752572199803,0.9975377785410766,-0.01800571045023053,-0.06778034209500958
6,0.27337012955096396,1.454296595962806,0.6295786442423893,0.020045600984720555,0.3606174212350227,0.9324983910886729,0.9964407558894764,-0.08358768084429648,0.010905026982127562,0.08187792061093313,0.9289608038625065,-0.36100946109978266
7,0.13882541687190153,-1.1937307451752466,1.071021859160492,-0.5710837740657861,0.09246664541562401,0.8156673601930872,-0.7950769169363129,-0.3095300819655721,-0.5215782055583167,0.20424499786732975,-0.9463831400886047,0.2502857027522886
8,0.8142786252941921,-0.9439379494793217,1.1759461552828214,0.5893155045608821,-0.20627195592622874,0.7811268247106362,-0.5015032257958797,-0.8514259979906882,0.15351965496928272,0.6334048867829171,-0.48220913527631204,-0.6052045928903642
9,0.15019463748885248,-0.769638102474462,0.9110659077986232,0.12519311350833712,-0.17374278020009382,0.9768009677812725,-0.9049460731178743,-0.4235809896881739,0.04064172638220483,0.4066931141273817,-0.889040264275544,-0.2102572695966622
10,1.4116113432437236,-0.4293397743027831,1.0043184584564433,0.7285476655023033,0.5517538147971243,0.405938452167277,0.3194780408005859,-0.7979101461536641,0.5111488825295989,0.6059307555631774,-0.24270790370702633,-0.7575888020164881
11,0.04062403990203771,-0.016472487953722546,1.8319960482210507,-0.9440731293595926,-0.3127571181116522,0.10444573467442247,0.3001389624882857,-0.9462460947875266,-0.12056090284918515,0.13653764908493646,-0.08247007438974013,0.9871961087912114
12,0.21532171156217234,-1.1694800518927118,1.2428829233217524,0.6447637497735228,-0.39076505032637376,0.6569492997343194,-0.7230838236763498,-0.5904817478534176,0.35844258869386947,0.24784973454812406,-0.7061401991781798,-0.6632771126678689
13,0.6963662361819378,1.0618610572876312,1.1106431891816966,-0.0926462032262854,0.726177162859016,0.6812366763245972,0.9121489190206447,-0.21244043546372615,0.3505045091142935,0.3992505861701686,0.6538622098898303,-0.6426999143618772
14,0.028277638506626256,1.2145485083008327,0.824857966358248,0.024579673279934686,0.6218191587963018,0.7827750464950395,0.9996287246979864,-0.024497168147893957,-0.011929019717107804,0.011758078930208022,0.7827776328604398,-0.6221904250896807
15,1.191177290361367,0.41997618413117926,0.43453297785053757,0.6190512351168169,0.7711694891680066,0.14857047915618737,0.7669526810096039,-0.634340571179495,0.09693103139785925,0.1689945365759623,0.05394125259972765,-0.9841398213035829
16,0.11547752882875031,0.6180451783245354,1.1977395639095434,0.6698653756325142,-0.1299157764256286,0.731028227611244,0.7216752553909865,-0.11752853794717635,-0.6821816975882257,0.17454284369479287,0.9845348819639278,0.015028702911758333
17,1.412904118341855,0.3530740384010411,1.207520661722286,-0.3632021158931558,-0.09568122240570516,0.9267844014061116,0.5488660826736115,-0.8257639171159239,0.12984597213579616,0.7528812962886373,0.5558408557027052,0.3524353796519661
18,0.31427972236847307,-0.2771395261561519,1.4190064778001428,0.11655178554030557,0.17035118857714807,0.9784662251900775,-0.4845470472839925,-0.8502260217039262,0.20574224404793243,0.8669658818291126,-0.498092546187822,-0.016552195516047512
19,1.1236351395570934,0.14672194913010458,0.34765848480192735,0.9515722596399584,-0.01972023062128825,0.30679202595234917,0.004726047940191099,-0.9968842003481392,-0.07873725653791971,0.30738884032210845,0.0763741029439585,-0.9485141523693439
20,0.8235146642884241,0.5034366401867684,0.3378274739522176,0.5342219224687712,0.8296139036528349,-0.162319772115645,0.8168456554475294,-0.5560436921851009,-0.1535532075785355,-0.21764676135947034,-0.050558710892046124,-0.9747172431134418
21,0.21127673112113887,-0.5227348050515905,0.8400702880832193,0.9569625743170076,-0.20668307727975763,0.20372711386247877,-0.2861832305023619,-0.7886262987497542,0.544212935806836,0.04818495549232829,-0.579094695612413,-0.8138350837717486
22,0.7032793110464255,0.06246630556168467,1.0192154441414067,0.3770353515729745,0.89842318110905,0.22512248068582302,0.5202370872640537,-0.40652179581783776,0.7510615171609137,0.7662882725836647,-0.166059679546046,-0.620666147078933
23,0.615400152293528,0.38579541546512774,0.8816293800707852,0.44920134976397935,-0.7003264312562516,0.5547621445755845,-0.02016318781716889,-0.6287232381790023,-0.7773676965444082,0.8932029966515275,0.33800884523573077,-0.29654414058473516
24,1.3743987749067073,0.4784007964701869,1.2709381909314688,-0.2270359410999639,-0.4128122716658385,0.8820661595430037,0.4667816949700633,-0.841031085836158,-0.27346217635740366,0.8547336021765661,0.3496465944626701,0.383637495939759
25,1.2066610784671845,0.8632292779853669,0.6083937786167823,0.1547034638406045,0.18907219638275735,0.9697002334900816,0.7825162917701425,-0.6226205951805673,-0.003442030113371938,0.6031045443287789,0.7593387248204823,-0.24427363672320399
26,0.12732738087723758,-0.16673636139130352,1.753999348371078,-0.7344913789562568,0.6050141721154183,0.3073764235891089,-0.641099254595162,-0.7671438238621824,-0.021956759042184165,0.22251777456298613,-0.2131858462694086,0.9513346598090139
27,0.39152425135045954,0.21099441954748527,1.5848477491949131,-0.2347610041516571,0.14651900616525615,0.9609471638763764,0.5911792752223749,-0.76321206346076,0.26079572606834717,0.7716179984145348,0.6293167143976985,0.09255343052762745
28,0.13327696738641126,0.5757597776572102,2.02166706542992,-0.7325486848408544,-0.47636000603475087,0.48626491646890024,0.6619858805119766,-0.6649417372798921,0.3458716236206461,0.15857842961991211,0.575268311897823,0.802445793175783
29,1.0846973945015868,-1.082118265757894,1.0911011105081223,0.27110300742472226,0.025346880276776493,0.9622165530822601,-0.6708472830649455,-0.7118977546802897,0.20776310953955013,0.6902659503188985,-0.701825564183435,-0.1759937365048857
30,0.11437555375541097,-0.6555153579830293,0.3234661425405651,-0.23092622519096567,-0.9325899016717284,-0.2773971049217483,-0.9690997725201965,0.24586951281338582,-0.01984473658710895,0.0867104919854272,0.26424280116745724,-0.9605503800482413
31,0.21645042748943147,1.1340981357108397,1.240935912537832,0.32030783164877286,-0.3409197616402887,0.8838419593499678,0.9463158783478615,0.07234361534330551,-0.31504390123564585,0.043464368983995506,0.9373047089619195,0.34579001024702044
32,0.645460250320384,1.2615741067848945,0.9181452148264888,0.6853408210752371,0.15533819143754257,0.7114618789849765,0.6632913204240459,-0.5364240981743367,-0.5218177949705962,0.30058706428927623,0.8295295252001359,-0.4706678059982343
33,0.5802577421779352,0.10815998410360853,0.2895296478982883,0.7318425974869119,0.26051859573747727,-0.6297114210323508,0.053140255327458634,-0.9430462728494015,-0.3283897692203349,-0.6793986501070945,0.20686659599806156,-0.7040054585674976
34,0.716272875943233,0.6083677790339937,0.49131521112318344,0.8672376407123278,0.34083248394853116,0.362949159548813,0.40564152018607347,-0.9063692729702031,-0.11810884012891218,0.2887106365079868,0.24965568069030553,-0.9242933568225044
35,0.5175423904195967,0.3822147450116204,1.3342218468429083,-0.3809774978028135,0.13371304503084525,0.9148644532150576,0.5198663104292657,-0.7872806961297483,0.3315541053615855,0.7645882326118874,0.6019218612827069,0.23042332230352086
36,0.056918903167444426,0.7766601296108971,0.9936139227220314,0.6112586829044828,-0.11993431945186685,0.7822905991966761,0.7831394533323379,-0.051044082255158385,-0.619747608548073,0.11426031335596738,0.99146873913621,0.0627241588819648
37,-0.17748280231853344,-0.5461474526660085,1.8043211056518618,0.3052766088707907,-0.7590262710363166,-0.5750524427850509,0.9354269867827653,0.1259719783073875,0.33031411274700245,-0.1782765954208981,-0.6387567459980577,0.7484699559548842
38,0.6874257340417792,-0.5000365501759936,0.5662262772011858,0.20669594589185428,-0.7250466348359471,0.6569506551217834,-0.7608657354019529,-0.5412471674997347,-0.3579592663485043,0.6151098427460879,-0.42586251418337223,-0.6635367362628087
39,-0.0755129812262411,-0.04039517402554101,2.075419166555367,-0.4868467145653458,-0.8022580556498402,-0.3454884783344688,0.8141883620543998,-0.5600386281919795,0.1531471384911234,-0.3163504190167958,-0.20673351706432072,0.9258421384394393
40,-0.040741662145054404,-0.3683967772001128,2.081119150927603,-0.8799511507317878,0.20400682868805115,-0.42903051893128386,-0.24567477385839348,-0.9683796618636633,0.043413546024764334,-0.40660776900525375,0.14360377549863115,0.902246129305695
41,0.36545267866968484,-0.359046048008726,1.4167688292244007,-0.6869081771072321,-0.058663022991254414,0.7243726982408621,-0.43528700757019856,-0.7649591210062354,-0.47472388209352767,0.5819642405369951,-0.641401740660949,0.4999214236390588
42,1.2748549414163106,-0.15145919100697022,0.5387677694624627,0.6095107128574807,-0.0031286205447922403,0.7927716585785924,-0.018324763465884693,-0.99978063567013,0.010143154487145315,0.792566018673451,-0.0207097144479933,-0.609434339179864
43,0.9465087297932008,0.8576659093197858,1.4183775598677728,0.2867404348389084,-0.1549977093366428,0.9453864993370633,0.7111373834973372,-0.6267932886252578,-0.31845532673656957,0.6419217591116185,0.763613700397477,-0.06950231466877489
44,0.3445053241539007,-0.931469459540078,1.191153135489436,-0.1882945456770015,0.07135628571161559,0.9795169444975078,-0.8720356544723857,-0.47093298010066764,-0.13332646242371457,0.45177315258568607,-0.8792783454304709,0.15089933684361884
45,1.017095659723718,-0.7284954750070477,0.3652195320000231,0.041874145031746544,-0.773764337339868,0.632088052599363,-0.8385006422997786,-0.371225603391166,-0.39888372271844263,0.543289268107441,-0.5133033232386671,-0.6643466486040412
46,0.7083142962164936,0.3812919333037211,1.3650752555030763,-0.11478522989311768,-0.7566942810215613,0.6436133280686833,0.7040057121189601,-0.5190679134190338,-0.4847106957378662,0.7008568386641169,0.3974698307143233,0.5922984259388735
47,0.6124072023860359,0.6646600925629418,1.1793860479451521,-0.010351923753665336,-0.2952791749277348,0.9553549322260259,0.9223742891145289,-0.3717778466749213,-0.10491379081048442,0.3861586571023181,0.8801087669008615,0.2762065349863747
48,0.16001960177196337,0.2762233387463394,2.0607902773515048,0.37161218250907785,-0.9013861908563789,-0.2222775758916481,0.928381725491231,0.35991720937184063,0.0925579503441566,-0.0034289334733336825,-0.2407541013802552,0.9705800868984595
49,0.06164169863264883,-0.9247410055999723,1.924299304366509,0.8082108856240378,0.23626376898447307,0.5394206112339981,-0.5771978250854571,0.49946090863614745,0.6460506725180092,-0.11678114177994033,-0.833497589804317,0.540040676907738
50,0.7014609724280934,-0.0900825585636573,0.9607903084100022,0.6884501151344293,0.04959961274807396,0.7235857360303837,0.05955651677928164,-0.998155708638363,0.011755961116241435,0.7228343242268661,0.035000853245150114,-0.6901343927030454
51,-0.0670276187236415,-0.06518210730569608,1.7865242830286885,-0.22131092990164739,-0.9520279674479083,-0.21133911493869897,0.9706606381206394,-0.19415215191423824,-0.14185509335340632,0.09401807224837777,-0.23653264278757605,0.9670640676742279
52,0.3173911350088996,-0.9555592538262595,1.7744072302251916,-0.8926971562745152,0.33840144087654883,0.29761762715281076,-0.4491464199135491,-0.7221135750937917,-0.5261363683914131,0.03686842359303839,-0.6033543316144656,0.7966205306567399
53,-0.013198723754071242,0.03770831637437668,1.839483396331941,0.08817095623497613,-0.8244627317078027,0.5590054440714488,0.9959202427023044,0.08378297796232076,-0.03351541107533013,-0.019202933431978902,0.559679923374667,0.8284863491445915
54,0.26530842146885464,-0.8245712698775685,0.5287558771852416,0.5810617747455621,-0.7098348432043825,0.3981227314567047,-0.8012449789423635,-0.5847307029735451,0.1268719382673543,0.14273646222738334,-0.3927142731975419,-0.9085162640138795
55,0.13305994188289538,0.6891066846744175,0.5345286649234182,0.18886242128103786,0.7770813878398929,0.600396121323822,0.9679342587792619,-0.04418618592030749,-0.24728698238131525,-0.1656328968209657,0.6278471929113341,-0.7605088072100503
56,0.6893662496371102,-0.5136653130915043,1.7925764985555523,-0.5222297552897713,-0.10206220168636473,0.8466754925453538,-0.3497451015606513,-0.8798485427173257,-0.3217839427512316,0.7777881759350134,-0.46416575580834263,0.42378733406102964
57,1.1820915696387797,0.19765480085115367,1.0051460967374484,0.3207797556191762,0.5043615972372103,0.8016980276994772,0.3221798955369712,-0.8540592815993165,0.408390570931609,0.890674162248287,0.127287559275796,-0.4364600943464623
58,1.2064656500720075,-0.10336823878040723,1.7454267590270824,-0.10037496932864534,0.7963428434486101,0.5964586668164492,-0.44829231133019576,-0.5713846859307783,0.6874253008771328,0.8882335667686199,-0.19838754086879612,0.4143470942259972
59,0.6494473632289863,-0.8742021788303261,0.36414943659609417,0.9949943020942276,-0.09946103895024973,0.00968713223601213,-0.09895934687103963,-0.9671830640072197,0.23401702580039704,-0.013906346280685565,-0.23380423954356205,-0.9721842372228519
60,1.0871001518927164,-0.4022784297125164,0.7664232768682265,0.8099994992654936,0.5625858738626048,0.16552324827618292,0.4000756398276399,-0.7364999267493985,0.5454423345456743,0.4287660126527686,-0.3755861983997548,-0.821641475319659
61,0.45279834178833905,0.9373486395995876,1.3850131952768199,0.08466671567365962,-0.12092306804169237,0.9890445686987114,0.8956434398263793,-0.42573843767312947,-0.12872300254272256,0.4366398698618881,0.896729833507856,0.07225807736140176
62,0.2597201326617118,1.4557246663772423,1.2804180386210242,0.647180238177226,-0.1285936657300116,0.7514129413624622,0.746981194468654,-0.08986962762239044,-0.6587431556693366,0.15223939839296524,0.9876168888618354,0.03789520301854962
63,0.8794721856973852,-0.22028464944272033,1.8624831601383267,-0.7587208784457352,0.01783911723839004,0.6511715553574856,-0.10919479735055779,-0.9889636742263987,-0.10013664310427094,0.6421986646218618,-0.1470803078483877,0.7522953264517339
64,0.6114174767899968,-0.32050670282883403,1.8965209976309532,0.15768258697694018,0.6340382966370203,0.7570545820229116,-0.4283321611399454,-0.6468547033964078,0.6309600244287502,0.8897571362441796,-0.4237622341497305,0.16958127081427773
65,0.012214689270692297,-0.4113624811013728,1.9792207391793937,0.7495638969207338,0.3237942996105995,0.5773311146756989,-0.6489484750586237,0.531368942693312,0.544530002350723,-0.1304601132610669,-0.7828181770249545,0.6084207923528226
66,1.2001655313236632,0.034738145142319155,0.38028353902223555,0.7862392140876067,-0.29009334561957584,0.5455948579835993,-0.24126692777341757,-0.9569856409416556,-0.16114823174414653,0.5688744745492446,-0.004932936116551793,-0.8224095684922391
67,1.3707878589105302,0.10580879793928241,1.3230362297658111,0.06083960198899078,0.18079967376634834,0.9816363994859824,0.0845441495761091,-0.9808574764441771,0.1754163552124288,0.9945606213812578,0.07231935335401249,-0.07496053313700352
68,1.0325259402980551,-0.4636238421634542,0.9891104354148006,-0.2987790112381534,-0.5751691313302362,0.761519253077933,-0.3894117014456896,-0.6550336924167506,-0.6475255891283764,0.8712574988031521,-0.49001156329590767,-0.028267271102393098
69,0.4302905477592391,0.3822736750421343,1.5707594447606887,0.30807802481950447,-0.9461315318909225,-0.0996145319973405,0.7095930131258844,0.2982680034415903,-0.6383681961422388,0.6336921068991165,0.1259814370639733,0.7632581418950307
70,0.3891750312945004,-0.9610969448730283,1.048454172264095,-0.1169766290036223,-0.6844452836993208,0.7196187336977167,-0.8555464834897537,-0.29851718475493927,-0.4229984692576346,0.5043378657757769,-0.6651482120758815,-0.5506552216378164
71,0.9164056071614629,0.08756682198896686,1.0420298034599211,0.2563105721530916,0.7331893582267043,0.6298716183363624,0.33038458915182717,-0.6788457318003998,0.6557549051797922,0.9083781777726352,0.04002296090362672,-0.41622980280966615
72,1.1946804883309943,-0.6324313812114677,0.6011607473373861,0.6361785726671777,-0.16356320476764288,0.7540052398526754,-0.3697876280686141,-0.9223508065422025,0.11192005985674296,0.6771513374472067,-0.3500229531289152,-0.6472634691347662
73,0.7768059603940699,-0.5049978696065305,1.346742356283548,-0.6177180416105862,-0.17513682007126155,0.7666495387881667,-0.12993194839132105,-0.9387567881704637,-0.31914476566459654,0.7755914580860321,-0.29675374794465814,0.5571311364703835
74,0.020854433319102982,0.5036972921035974,1.8849281596317207,-0.02000292475560887,-0.5697776693444132,0.8215554092802688,0.9993245650591711,0.013942048564402764,0.03400048457193337,-0.030826882270510173,0.8216806111855606,0.5691139398496611
75,1.3123317146801878,0.792695794875539,1.110630075498664,0.09105629403945992,-0.753977565500045,0.6505586691747522,0.482460246368758,-0.5380869674791117,-0.6911544878700643,0.8711721196121905,0.3768026620815712,0.3147679968780888
76,0.13469313114627285,0.7359673289424272,0.5804948163558046,0.07193994085922918,0.9974075922713059,-0.001655230717132382,0.9663033398108969,-0.07010751126140805,-0.24767477129299623,-0.24714874140783533,0.016218253429018656,-0.9688418177784416
77,0.15554638689371098,-0.06512476713152662,1.6744090500850817,-0.13266486630046498,0.6327403342965332,0.7629152656775136,-0.5365750726509289,-0.6930208534194335,0.481465770471225,0.8333590010668452,-0.34548772203959915,0.43145220970665865
78,0.2995386403271532,0.8255526332939457,0.6818516596527393,-0.1374509695307452,0.974982279403117,0.17469054303241616,0.9900815857227748,0.1300601511744774,0.0531301297678422,0.029080656590486594,0.18026067770419144,-0.9831888951192909
79,0.022195777186066034,-0.07341486089103877,1.988051765592274,-0.8816764147548607,0.43869275175331096,-0.17376814789863732,-0.4536716900196809,-0.8893712921207068,0.05657475078364048,-0.1297254691250001,0.12871431276533454,0.9831601743101915
80,1.0661399057376881,-0.4257359127244648,0.41713544173771744,0.22041832779871873,-0.6742898032281267,0.7048042437677222,-0.4603183345426533,-0.7089594622143756,-0.5343065710063665,0.8599551102553519,-0.20666335475666145,-0.46665561835943625
81,0.4317745647658923,0.9699375494033716,0.7194650440122468,0.7911699285409194,-0.20652587847779896,0.575671091589225,0.2996206550513318,-0.6896866552324622,-0.659211484017739,0.53317690051161,0.6940312522597468,-0.483779922741323
82,0.2789078774496776,0.6301411760152195,2.057351239909669,0.009468857759580474,-0.9760614676730353,0.21728863766126658,0.9933131105494268,-0.015822831590068306,-0.11436215462771955,0.11506261401233214,0.21691853153760907,0.9693848284000613
83,0.13472897018421873,0.6390610565947441,1.8259827036197738,-0.36027931687863396,-0.39088621941873747,0.8469986878962632,0.9131996200962003,-0.33314453542505984,0.23469378426489387,0.1904344183324547,0.8580341962794651,0.47698223271882145
84,0.30868334704624417,0.23913095534926979,1.7779684984257438,-0.46524592177374363,0.7609115530851732,0.45228292102887235,-0.00562451992460698,-0.5134802561636216,0.8580829746042974,0.8851635990304376,0.39667573017724583,0.2431743572826533
85,1.1386705240550863,0.7297892995701826,0.8921490599364486,0.17999080001623502,0.6588767622188156,0.7304003861701922,0.6634134727147283,-0.6295474409787527,0.40441634954300304,0.726282228978584,0.41176623436745535,-0.5504204684645599
86,-0.029232562498181194,0.5786574077028787,1.8139644488529527,-0.4251100251443664,0.8681577301477915,-0.25609299503576916,-0.905141040180534,-0.4074025764245549,0.12142008937377557,0.001078843203225878,0.2834171771563414,0.9589961104144655
87,0.9856889434125103,0.750692989848863,1.1254761148869676,0.1367365928640248,0.5923202811732384,0.7940149801375247,0.7009891948611837,-0.6242087362170995,0.344931300867464,0.6999408924043568,0.5094311907815493,-0.5005622928258633
88,0.3149377830574874,0.8467859385441233,1.6056233925148653,-0.16091246849265678,-0.6453862716314135,0.7467152990754261,0.9869461033694409,-0.1103369102559582,0.11731647488330632,0.006675816614958841,0.7558454383171681,0.6547160505498941
89,1.131979081113533,0.5927720659224431,0.5308311905028071,0.6263298510058091,-0.47623124965949387,0.6171828858505377,-0.12901291907275247,-0.8441138040430336,-0.5204109458267826,0.7688085486331226,0.24632434445615764,-0.590133656790456
90,0.4185421594575038,-0.42531331132673117,1.1686113624194006,-0.9150625459438874,-0.366065587792948,0.1692823748784687,0.007922898067295922,-0.435965532291444,-0.8999284873477743,0.40323413136403297,-0.8221496457991339,0.40183603026041914
91,0.8296996650773633,-0.8303052043428492,1.0660060517089749,0.4971885113363778,-0.20266333629175445,0.8436416041887762,-0.6138414417081152,-0.7693435949006392,0.17694382562571603,0.6131902385368012,-0.6058366158531988,-0.5069119511855332
92,0.1384942502694982,0.20736614110757073,1.9605564249729965,-0.8701955776081529,0.10794628026739043,0.4807361618264713,0.14495970483355441,-0.8764294798871198,0.45919282524813193,0.4708995016835142,0.4692749379214989,0.7470171965577441
93,0.799363833486305,0.45047840252481386,1.1657248869253847,-0.02372496121951208,0.990795153680661,0.133274489899786,0.659894275755924,-0.08462275974364997,0.7465778816425873,0.7509838021153966,0.10565960427847536,-0.651812378667373
94,0.9124927012593523,0.9445610270410518,1.1814551783766338,0.32183414513837405,-0.8197189336435783,0.473797058717429,0.6064008948270397,-0.2058511392320778,-0.7680516019316809,0.72711810442047,0.5344961911025097,0.43082836944761654
95,-0.02541986102065731,-0.017484762672972144,1.9873739864021436,0.6303785864146735,0.655824766561104,0.41535131317345253,-0.7726322895289635,0.5819131423451694,0.2538039399678474,-0.07524747814425436,-0.4809064049594724,0.8735369750055724
96,1.3136056442393753,-0.28537185782155283,1.5244436931201621,0.22165600058239462,0.6998664032435216,0.6790107768046056,-0.2781631041715489,-0.6220188743466457,0.7319274605001371,0.934608958272638,-0.35111185905279285,0.056802795257154357
97,0.6884478430103733,-0.3295004169816713,1.9351253096192866,-0.8877180486679767,0.08876372188257613,0.4517495630840969,-0.1637011878832696,-0.9779701208323437,-0.12952360342724198,0.43030057768346797,-0.1889323805934908,0.8826924540339914
98,1.18874590362324,-0.2986862353409555,0.361586617462302,0.9040702753986689,-0.140171067926804,0.40374374156986537,-0.16530672159693527,-0.9858476940884269,0.02789286387957943,0.3941200641117479,-0.09195866341346366,-0.9144468159973881
99,0.5992184162174458,-0.0865084288445169,1.047047040759483,-0.09490591420839055,-0.7054613427512004,0.7023654044241807,-0.18454280002065857,-0.6808528858190543,-0.7087900273229026,0.9782314769055456,-0.19688484389495076,-0.06557084592756175
100,0.4728754719737098,0.7764789439400857,1.5222807809225098,0.5377362073445304,-0.8390762439382438,0.08240648135437469,0.5189710024232836,0.252384113857566,-0.8166831440137008,0.664461338193948,0.4819266706987899,0.5711723156059718
101,0.947212515303799,-1.1374721677643567,0.7692422089133004,0.2870551251541536,-0.5916795789879474,0.7533356694936053,-0.7632802813770977,-0.6164621696697307,-0.19333288759801492,0.5787940628441447,-0.5195090655366212,-0.6285759808023489
102,0.646686241016102,-0.07374754329201572,1.3299262404662966,-0.1922707445227727,-0.6009995434772065,0.7757780027435993,0.004757385161341681,-0.7910892850974195,-0.6116821971338389,0.9813303868153097,-0.11391791669550093,0.15496251213978043
103,0.6277634982860718,-0.3960388418759415,0.6189437048598148,0.9693156985508627,-0.1658244423138937,0.18146440663154628,-0.1841280654570173,-0.9788600814938364,0.08904940409085471,0.1628616960918355,-0.11972967547423705,-0.9793573774454984
104,0.055271045765898016,-0.646911718732314,1.017879029981664,0.8570934372114952,-0.2207298318998504,0.46547736915821003,-0.51339802635064,-0.2912925421605212,0.8071995548939113,-0.042582935881080725,-0.9308206036563247,-0.3629871862485272
105,0.03704926743456994,1.5193330565014245,0.8477467581640376,-0.7896152103668799,0.48523535318199984,0.3755721922342066,0.5760331767731883,0.375310840065841,0.7261732249165219,0.21140860629089073,0.7897394667555957,-0.5758628099076468
106,0.5898552232404407,0.04303493610474406,1.7221847001048642,0.03301122885327091,0.8183679670008075,0.5737457009482183,-0.13331829596517014,-0.5653229267116667,0.8140247050889173,0.9905233418403325,-0.10336275499966517,0.09044141832334851
107,1.4307953885690057,-0.4819814043574548,0.9423936865658641,0.37531838711790877,-0.14407955818259224,0.9156293951185275,-0.30454342144883345,-0.9521704041863965,-0.02499651663237374,0.8754366983074503,-0.26946725646249364,-0.4012455419704085
108,0.2707839999397255,0.16199380186001178,1.5688900506659178,-0.40644312486636647,-0.43766257063756037,0.8020320819716539,0.6007945172479394,-0.7893651657967448,-0.12628769960488248,0.6883675866088398,0.4305277102459262,0.5837773174907717
109,0.7295973110461683,0.2443042827995612,1.0822820156070776,-0.09515370631408174,-0.13084819353248345,0.9868254771863053,0.5735658301597737,-0.8174377455842384,-0.053082676715548775,0.8136141657123621,0.5609583606146213,0.1528322839217333
110,0.3409998092648226,0.3625980411304703,1.110517266629217,0.3018472511977594,-0.705756091528155,0.640934143430711,0.6294520842649596,-0.35738862501122226,-0.6899735098734487,0.7160155798296954,0.6117039398136083,0.33636286872610455
111,1.1582483071444247,-0.5011931707767776,0.6737067376730814,-0.21510645686320964,-0.689400440150004,0.691705316834226,-0.483466177754805,-0.540228649401679,-0.6887767862905929,0.8485220487311543,-0.4825764597311172,-0.21709512507301035
112,0.27089259522031045,-0.8340139644756006,0.5947521989711532,0.42831060857552933,-0.7866295658303164,0.4447065872496917,-0.8935152190905286,-0.4421124372083887,0.07853117928099246,0.13483536566963633,-0.4309878409274054,-0.892226935895498
113,0.037679521433145506,0.11764954794162313,1.9198227966294483,-0.46386996669935204,-0.5859660008361023,0.6644309594370863,0.8642324238612851,-0.4641873676033425,0.19399073509919876,0.19474848276993115,0.6642092543932404,0.7217333959553108
114,0.7015270835351441,-0.02563916116893673,0.8042002624893231,0.8848467193905244,-0.16990339722797276,0.4337961719450971,-0.00027396844212538934,-0.9313179311215087,-0.3642071335282237,0.4658821826654453,0.32214864081964767,-0.8241201642314877
115,0.7282826547024824,0.04087654254709411,1.390058426568623,-0.13446712497829574,0.5171471216253757,0.8452676776587759,-0.033554728927124085,-0.8549018533840474,0.5177034877679962,0.9903497727907543,0.04125137179669883,0.13230892584475132
116,0.32280889527038226,0.3493454747860598,1.9694601516672687,0.34705222527750074,-0.9354157916930308,-0.06746887861255277,0.8470192922863213,0.3435146419007595,-0.4056550373095007,0.4026326755551694,0.08363604157953362,0.9115327427603422
117,0.21072058017213777,-1.445605765083912,1.446293069394622,-0.908172359106043,0.3547711724584287,0.22217196346127102,-0.39071908271255135,-0.5279886798159383,-0.7540335220601834,-0.15020507501421831,-0.7715992283424695,0.6181205920055396
118,0.4051233736432629,0.8370230955733862,1.406894000129151,-0.14283476135418924,-0.40399893714670015,0.903539202100954,0.9678759307609829,-0.24786537770671818,0.042177448806998495,0.20691644111199295,0.8805382520473728,0.4264246393900153
119,1.020866749323389,0.6456548261129021,0.7864338502221145,0.09493772911179937,0.8484979273949818,0.5206131911482026,0.7469127996642683,-0.40645105576685703,0.5262307563832542,0.6581094873110243,0.33889350314284217,-0.6723415026895136
120,0.6577346592919282,-0.4609556755624967,1.7085175580068173,0.31071133456721794,0.6630741426928709,0.6810221346355585,-0.6300345540665848,-0.392801526201516,0.6698980681386381,0.7116986210844994,-0.6372123996799451,0.2957117353784729
121,-0.02413147422971326,-0.05693795042353373,1.960727591746827,-0.21070452466768097,-0.8984236994661797,-0.3852771204238194,0.9660519143516205,-0.2516426582137675,0.058477956057631765,-0.14949014035091396,-0.35987612980664974,0.9209461814532114
122,0.9001507838585988,1.1738956107925014,1.252704948656517,-0.14791483416747814,0.24712564931806222,0.9576273363278294,0.7725850229492458,-0.5756319421551582,0.2678810360686137,0.6174411584497107,0.7794721166403624,-0.10578107218435877
123,0.765025425970273,0.5294693221372756,0.4295900837990375,0.8877105907953683,0.406941187213455,0.21533410584262316,0.4294531697291411,-0.9004733226522981,-0.06868602624350796,0.16595144470396087,0.1534492272409155,-0.9741218879892978
124,0.6684213283725438,-0.7948491005937518,1.3898766786993897,0.3100218364015982,0.22544277598451623,0.9236135640572717,-0.7148468574816993,-0.5852066731900168,0.38278861007403525,0.6268017480054756,-0.7789150816425806,-0.02026978754235682
125,0.8907388343830618,-0.17890774708993257,0.9412354062916832,0.3528302436092644,-0.19967692098707276,0.9141334401605432,-0.2407823895310989,-0.963439087587789,-0.11751155432425743,0.9041762328696332,-0.17864560373300833,-0.38800913414576677
126,0.7105625696548856,-1.3802957470131556,0.9746917410785715,-0.6358788008966733,-0.09796427307018024,0.7655463093582517,-0.6714856181761908,-0.41877395648725063,-0.6113390531861621,0.3804802427889625,-0.9027908808632514,0.20050788083615745
127,1.1246680163168963,-1.0146228410916893,1.1929413741630646,0.529524125608747,0.006245146234173325,0.8482718895182167,-0.3424131216265861,-0.9133156956184318,0.22047152712982376,0.7761169077762891,-0.40720441830306026,-0.48148427511003683
128,0.18854706182279102,-0.722776347950231,0.9873199486979641,-0.15368317439284557,-0.5830276865268461,0.7977845565387262,-0.937547863563808,-0.1689463396642834,-0.30407423080718254,0.3120664759878532,-0.7946922996085933,-0.5206521521201352
129,0.20604329395439955,0.6233105098355338,0.41323307456340896,0.9093366751641525,0.18124183349917267,0.37451062600580887,0.24893955784795274,-0.9582436044486657,-0.1407064002513564,0.3333705262015082,0.22117999982613096,-0.9164843151614992
130,0.06578516291685839,0.039874568626502196,1.8895317052467155,-0.7399318233832535,-0.327213507743789,0.587734818685042,0.43135765641103013,-0.9012347596603215,0.04130956590895256,0.5161700000971748,0.2840901764053234,0.8079983308582233
131,0.9661641291644001,0.3813859502526246,1.8402147365671155,-0.33640066929598544,0.2533481552299548,0.9070001664491533,0.44067142837387396,-0.8088270039389956,0.3893681675663762,0.8322519341594483,0.5306727710563701,0.16044665202867467
132,0.3106268428303023,0.69519276818169,0.7229127646274599,0.6889187993122092,0.21608372690877642,0.691880561166042,0.6114365614647701,-0.6858776072939937,-0.39461023696402575,0.3892765331462485,0.6948954819092433,-0.6046354686617038
133,0.02222806828686308,0.7052743702159112,1.729092557352843,-0.6038655651727471,-0.25132005110162814,0.7564288539663685,0.7909538620875485,-0.30642299461211886,0.5296196148385488,0.09868316597773909,0.9181193714802103,0.3838208598622456
134,0.2703052253011174,-0.10500086812574307,2.0531657257934914,-0.5398934312709259,-0.783558538547253,-0.30749162515457074,0.8402691334333535,-0.5232433921685299,-0.1420004787003588,-0.04962727344582817,-0.3350408470942955,0.9408957245671116
135,0.7280662967057521,0.9659932219246463,1.0812913829315385,0.10802728015799118,-0.06173969883236631,0.9922289636619945,0.8462848319952885,-0.5180097124111428,-0.12437009681764938,0.52166281243383,0.8531436851057469,-0.003709809673410139
136,0.4498714198395553,0.583273337023082,0.35274183992356106,0.11534668848098531,0.9876446384584497,-0.10608114620774296,0.993280119637206,-0.11570032538770923,0.0028352493146191968,-0.009473404349460373,-0.10569533021593817,-0.9943534340366987
137,1.0696818395979826,-0.5320881694076924,1.7500232000471228,-0.7900799946363753,-0.5978411651538748,-0.13549739231011998,0.5607059873597368,-0.6154638374163887,-0.5539070865873047,0.24775471300124213,-0.5136051071398634,0.8214787861567221
138,0.579160981525792,-0.4043656440079939,0.5139070487477722,0.8257259257755003,0.4490614482095924,-0.3413510088370863,0.45484062003421016,-0.8879793192212847,-0.06791714807174312,-0.3336116093140169,-0.09917935454119166,-0.9374789329706051
139,0.575140991593733,-0.0037592679916753726,2.023003369717601,-0.9010744996460024,0.06718834760251327,0.42842790762758476,-0.04467531508504294,-0.9970507556639003,0.0624011766884039,0.4313570009977334,0.03708795729733731,0.9014186713807033
140,0.7930117874192504,0.6032728828045736,0.3795782023593169,-0.3744545369790025,0.8198485273889827,-0.4331653170256794,0.922313295744349,0.3774410658996469,-0.08292422001885506,0.09550907930159254,-0.4305654815596054,-0.8974917168755973
141,1.0071547855511984,-0.48090647941078246,0.3699727612842125,0.9112977840466687,0.15738238361842505,0.38048276454816465,0.07640253116323387,-0.9726535546697129,0.21933471184521355,0.40459733318879193,-0.1708093905935932,-0.8984014414845755
142,-0.6384935981179874,-0.33355080793274056,1.7556259381684818,-0.19127562724674962,-0.8862203719507603,-0.421932561863645,0.8706792187133308,-0.3516488539579175,0.34389065356712906,-0.45313500474153,-0.30159001284780523,0.8388755161693267
143,1.289659340475069,0.17579942327693918,1.1294629583509543,-0.07482533149716308,-0.7446630009097495,0.66323313008506,0.055567961856381576,-0.6671778603704819,-0.7428229292682028,0.9956472123103983,-0.018727458651731827,0.09130120980020089
144,0.638159759299054,-1.1306247815312032,0.5677508505495164,0.0879553605756175,-0.4415616019478926,0.8929094053884884,-0.7908606272684349,-0.5759551303463694,-0.20691823521447913,0.6056429003815622,-0.6879673244514651,-0.399872026659157
145,0.04514246552101223,0.6131014734970699,1.1126645790993692,0.41331579694005527,0.19136673516111072,0.890252112984622,0.9103925676787017,-0.06660122157212252,-0.4083499112286932,-0.018852711083225334,0.9792563760113479,-0.2017461903628767
146,-0.03483254674908709,-0.05309821022384562,1.940369355533169,-0.49053385608265954,-0.7467099393398884,-0.4492224421460896,0.7851213447259404,-0.6023773049029146,0.14396547014347605,-0.37810185147974046,-0.2820741906465765,0.8817443738854652
147,0.16898183741406117,0.6561306025912067,0.3968066856639028,0.763391536589939,0.5544697102371459,0.33135585447127275,0.6199943572032173,-0.7728951897140508,-0.13505562836494772,0.18121909087902754,0.30853908366107674,-0.933789738085915
148,0.3401967592808582,-0.015398643969475236,1.6746273014365798,-0.5217437012602211,-0.3743930153179078,0.7665594434070002,0.24779330271210487,-0.9263232225325069,-0.2837670990936385,0.8163222337571802,0.04189459962998258,0.5760753884653737
149,0.3418105726930359,-0.5932119970436703,0.9403138169114641,0.1957691246350654,-0.23017450227192138,0.9532545034477904,-0.8480130573914422,-0.527915160209566,0.0466844525996273,0.4924919332671743,-0.817511640360418,-0.2985404722009726
150,0.6390807637845055,0.3243899025533228,1.745401139483113,-0.24269066209454535,0.8397851506894082,0.4856564044812744,0.012967936786510403,-0.49777006089845643,0.8672120842611962,0.9700170488953337,0.21676223645901743,0.10991386490189818
151,0.14333958044221917,1.353095102747948,0.7225512792331622,-0.4494300031638299,0.4614383908928159,0.7649099840284533,0.8931409369249605,0.21517664035892037,0.3949661760615097,0.017661796198673658,0.8606820695553595,-0.5088363549324477
152,0.16512834878388397,0.10917938332926026,1.977047223552644,-0.6626490837250374,-0.3910350306970405,0.6387392242583299,0.5644266063835072,-0.821326152276772,0.08274030210623076,0.4922588727943518,0.4153491980899896,0.7649615975990146
153,0.06493258275026884,1.0441625544111568,1.5639631045029556,0.003267816689532149,-0.48675485001417906,0.8735325050401718,0.9995993608483424,0.026149415562174618,0.010831706114088721,-0.028114749966323765,0.8731471376883914,0.4866452884605998
154,-0.11450252739510874,0.13649280159570368,1.8772074529543985,-0.7864817316477494,0.5914784986955203,-0.17776296398645866,-0.6168848011375377,-0.7662899205846755,0.17959092331137536,-0.029993797856525322,0.2509042510425545,0.9675471197305673
155,0.2842961020570432,0.7485615059019499,0.7995871270415186,0.10119814540600942,0.3447838880834195,0.9332111261040903,0.994156966283159,-0.07046197704741479,-0.08177430024913365,0.03756143976274128,0.9360337495564194,-0.3498999255991637
156,0.501534435117331,0.47616693967203394,0.886415931855941,0.10729230514366236,0.8097147565236494,0.5769318628094711,0.8337713222921348,-0.389374531962085,0.391424138221613,0.5415844748330443,0.43903244404844877,-0.716893834324624
157,0.4492409575321835,-0.2822113009923396,0.3376197901472663,0.48227973270399427,-0.814138145772324,-0.3233965661867267,-0.8361573280936625,-0.5379098696539214,0.10720958354628783,-0.26124161632142573,0.21870539940134845,-0.9401706048236488
158,1.1614320758764332,-0.09179859021353089,1.5164490332499134,0.09814493229661089,0.0622259033744839,0.993224802959392,0.048918673645396614,-0.9971383626927098,0.057637219010609746,0.9939690818296457,0.04293043903492263,-0.10090808575629581
159,1.1264271879701977,-0.5774912812393137,1.573025449812579,-0.32902802660100494,0.5555702934748994,0.7635981971686828,-0.4235935103685253,-0.8095368450711928,0.40647095154002033,0.8439840612740969,-0.18971490579391403,0.5016962814640824
160,0.024945722593152888,0.1913601142475292,1.903001246517183,-0.24863156198154446,-0.6526847490980915,0.7156709891293476,0.9680000254074107,-0.19339749379595902,0.15991672897071862,0.03403376555524987,0.7325298817715242,0.6798835746757874
161,0.3078142330631327,0.30024259691944366,1.6234551219955033,-0.6622966836845687,0.5529761091678232,0.5055497260112382,0.03236478139888099,-0.6530038723921111,0.756662714533966,0.7485423326074652,0.517497212872227,0.41458534822645615
162,0.18985704506213777,1.244802859614829,1.45843652847528,0.218458957323175,-0.31110232630982,0.9249275790730264,0.9627256729092313,-0.08619437386759358,-0.2563782530462388,0.15948342448900127,0.9464596517962041,0.28067626339801033
163,1.2930328889994736,0.5024602095840464,1.4893720259041776,-0.2529792988463398,-0.653062401565193,0.713800374066249,0.5167353056001316,-0.7149551030175046,-0.47098176675490094,0.8179157036648416,0.2496972173075462,0.5183292403167268
164,-0.08368702294101402,-0.005864650221957408,2.082659708675676,-0.8459022757260823,-0.49413709442001535,-0.20069347732195922,0.4985198882156112,-0.8662969397745776,0.03174166332592618,-0.18954487852466337,-0.07319934463741334,0.979139721883309
165,0.4106351234152818,1.29621866679467,0.7420838298147518,0.6553929063371388,-0.027262741322023443,0.754795920271544,0.646956336183727,-0.4954325343569604,-0.5796499831556692,0.3897533032505135,0.8682184902639701,-0.3070651653461617
166,0.14181811022204133,-0.15689942294695783,2.0627424514287265,-0.9935266719567474,-0.10954819015704026,0.030065697129231225,0.10011177565436175,-0.9694283744792077,-0.22402289867317515,0.05368784299895516,-0.21956279463496975,0.9741200104331096
